nobs <-
2072L
nmis <-
43L
nyear <-
9L
nsite <-
235L
obs <-
c(0L, 0L, 11L, 27L, 0L, 14L, 2L, 7L, 27L, 51L, 11L, 5L, 5L, 14L, 
8L, 13L, 47L, 21L, 15L, 13L, 12L, 0L, 17L, 8L, 24L, 55L, 8L, 
1L, 2L, 44L, 58L, 1L, 48L, 25L, 45L, 12L, 29L, 9L, 4L, 23L, 59L, 
35L, 3L, 1L, 29L, 33L, 21L, 2L, 33L, 12L, 17L, 26L, 3L, 41L, 
17L, 24L, 22L, 14L, 20L, 29L, 22L, 4L, 37L, 8L, 0L, 0L, 9L, 17L, 
21L, 3L, 0L, 18L, 0L, 29L, 12L, 20L, 8L, 11L, 18L, 11L, 26L, 
24L, 30L, 17L, 18L, 5L, 14L, 10L, 16L, 7L, 40L, 10L, 34L, 21L, 
12L, 32L, 1L, 23L, 9L, 0L, 1L, 26L, 14L, 36L, 9L, 20L, 3L, 11L, 
9L, 10L, 19L, 9L, 0L, 1L, 1L, 16L, 13L, 0L, 10L, 12L, 2L, 1L, 
10L, 7L, 0L, 13L, 29L, 11L, 8L, 21L, 24L, 25L, 0L, 0L, 10L, 20L, 
5L, 28L, 0L, 20L, 8L, 5L, 6L, 1L, 0L, 4L, 8L, 11L, 1L, 17L, 20L, 
0L, 0L, 2L, 3L, 33L, 4L, 21L, 26L, 1L, 19L, 1L, 8L, 1L, 1L, 16L, 
2L, 2L, 3L, 7L, 21L, 29L, 30L, 25L, 20L, 32L, 5L, 9L, 2L, 0L, 
19L, 9L, 0L, 8L, 1L, 0L, 7L, 21L, 9L, 31L, 7L, 19L, 7L, 29L, 
1L, 29L, 10L, 30L, 14L, 32L, 3L, 0L, 9L, 2L, 26L, 2L, 1L, 0L, 
11L, 24L, 33L, 33L, 42L, 21L, 40L, 1L, 0L, 7L, 9L, 24L, 0L, 6L, 
15L, 3L, 5L, 26L, 42L, 21L, 8L, 22L, 20L, 20L, 50L, 15L, 12L, 
12L, 10L, 0L, 26L, 14L, 28L, 44L, 7L, 2L, 5L, 40L, 61L, 2L, 33L, 
40L, 2L, 17L, 26L, 6L, 11L, 22L, 65L, 42L, 1L, 0L, 41L, 20L, 
20L, 2L, 16L, 13L, 19L, 20L, 6L, 40L, 22L, 28L, 4L, 21L, 12L, 
25L, 20L, 32L, 4L, 44L, 6L, 19L, 1L, 0L, 25L, 16L, 20L, 3L, 6L, 
16L, 0L, 37L, 13L, 22L, 9L, 10L, 30L, 8L, 30L, 26L, 29L, 21L, 
18L, 7L, 13L, 6L, 17L, 6L, 31L, 13L, 17L, 49L, 28L, 7L, 40L, 
0L, 26L, 18L, 11L, 2L, 2L, 3L, 32L, 14L, 35L, 32L, 14L, 13L, 
34L, 3L, 9L, 12L, 11L, 21L, 11L, 6L, 2L, 0L, 18L, 10L, 0L, 8L, 
15L, 3L, 1L, 18L, 4L, 1L, 17L, 26L, 13L, 6L, 13L, 31L, 24L, 0L, 
0L, 14L, 28L, 14L, 5L, 26L, 0L, 21L, 23L, 7L, 9L, 5L, 2L, 0L, 
4L, 17L, 2L, 9L, 3L, 9L, 21L, 24L, 0L, 0L, 0L, 4L, 15L, 4L, 22L, 
16L, 6L, 14L, 3L, 0L, 1L, 10L, 0L, 3L, 35L, 1L, 4L, 3L, 8L, 34L, 
34L, 34L, 13L, 26L, 19L, 41L, 4L, 9L, 18L, 2L, 43L, 0L, 20L, 
18L, 1L, 14L, 2L, 0L, 10L, 26L, 19L, 22L, 8L, 32L, 12L, 30L, 
1L, 11L, 25L, 24L, 38L, 14L, 28L, 2L, 0L, 18L, 2L, 25L, 4L, 2L, 
1L, 24L, 28L, 26L, 20L, 22L, 24L, 22L, 2L, 0L, 15L, 5L, 21L, 
2L, 17L, 2L, 2L, 28L, 34L, 14L, 1L, 8L, 11L, 8L, 42L, 15L, 14L, 
7L, 11L, 0L, 13L, 6L, 25L, 28L, 7L, 2L, 5L, 12L, 67L, 41L, 31L, 
0L, 11L, 22L, 8L, 16L, 59L, 21L, 4L, 0L, 31L, 25L, 14L, 0L, 13L, 
11L, 1L, 17L, 0L, 39L, 24L, 20L, 3L, 17L, 7L, 18L, 32L, 26L, 
0L, 24L, 1L, 14L, 2L, 1L, 26L, 13L, 12L, 2L, 2L, 21L, 0L, 16L, 
8L, 18L, 3L, 10L, 31L, 12L, 22L, 16L, 27L, 19L, 16L, 7L, 14L, 
7L, 7L, 5L, 27L, 18L, 10L, 44L, 15L, 6L, 16L, 0L, 40L, 13L, 5L, 
1L, 0L, 2L, 33L, 11L, 31L, 11L, 5L, 15L, 19L, 0L, 9L, 14L, 9L, 
12L, 6L, 2L, 0L, 0L, 10L, 12L, 0L, 10L, 7L, 9L, 0L, 14L, 2L, 
1L, 14L, 35L, 6L, 8L, 10L, 20L, 33L, 1L, 2L, 10L, 21L, 8L, 6L, 
11L, 3L, 15L, 27L, 3L, 5L, 5L, 10L, 2L, 0L, 23L, 0L, 10L, 0L, 
3L, 14L, 13L, 0L, 0L, 2L, 6L, 10L, 6L, 16L, 15L, 3L, 16L, 3L, 
0L, 1L, 9L, 0L, 10L, 0L, 4L, 2L, 4L, 23L, 14L, 25L, 8L, 47L, 
10L, 21L, 4L, 4L, 12L, 1L, 25L, 0L, 20L, 8L, 1L, 10L, 11L, 0L, 
6L, 18L, 6L, 14L, 5L, 35L, 11L, 12L, 5L, 11L, 9L, 18L, 23L, 10L, 
22L, 1L, 1L, 12L, 4L, 26L, 2L, 1L, 1L, 10L, 21L, 22L, 21L, 39L, 
27L, 31L, 2L, 0L, 19L, 9L, 19L, 1L, 6L, 1L, 3L, 28L, 33L, 13L, 
6L, 0L, 14L, 4L, 15L, 24L, 7L, 7L, 9L, 6L, 0L, 14L, 7L, 24L, 
25L, 4L, 2L, 4L, 21L, 53L, 41L, 10L, 27L, 0L, 14L, 27L, 4L, 5L, 
17L, 47L, 25L, 7L, 0L, 17L, 26L, 23L, 4L, 14L, 16L, 17L, 7L, 
0L, 41L, 19L, 17L, 4L, 17L, 11L, 22L, 24L, 26L, 0L, 34L, 0L, 
15L, 2L, 1L, 33L, 14L, 12L, 2L, 2L, 11L, 0L, 19L, 1L, 13L, 7L, 
9L, 40L, 13L, 19L, 20L, 24L, 21L, 13L, 3L, 17L, 8L, 7L, 5L, 40L, 
22L, 8L, 44L, 15L, 10L, 25L, 0L, 34L, 11L, 9L, 0L, 0L, 7L, 34L, 
10L, 26L, 14L, 5L, 6L, 20L, 2L, 9L, 9L, 8L, 15L, 11L, 0L, 1L, 
0L, 15L, 15L, 2L, 3L, 3L, 12L, 0L, 13L, 4L, 0L, 18L, 36L, 13L, 
5L, 10L, 12L, 21L, 0L, 1L, 10L, 29L, 5L, 8L, 25L, 3L, 31L, 21L, 
6L, 6L, 10L, 12L, 1L, 1L, 20L, 0L, 10L, 1L, 11L, 17L, 17L, 2L, 
0L, 1L, 6L, 15L, 6L, 27L, 18L, 1L, 10L, 5L, 1L, 0L, 9L, 0L, 4L, 
9L, 0L, 3L, 9L, 10L, 23L, 22L, 24L, 35L, 14L, 28L, 6L, 2L, 12L, 
2L, 28L, 0L, 26L, 15L, 0L, 8L, 0L, 8L, 30L, 9L, 14L, 12L, 34L, 
18L, 19L, 0L, 11L, 26L, 23L, 26L, 13L, 23L, 2L, 0L, 12L, 3L, 
30L, 3L, 1L, 1L, 11L, 29L, 37L, 25L, 39L, 22L, 27L, 0L, 3L, 12L, 
8L, 22L, 0L, 1L, 20L, 3L, 31L, 36L, 25L, 4L, 3L, 5L, 12L, 16L, 
34L, 13L, 9L, 1L, 14L, 0L, 16L, 10L, 25L, 39L, 3L, 2L, 11L, 32L, 
69L, 0L, 28L, 14L, 34L, 1L, 11L, 18L, 6L, 11L, 26L, 53L, 31L, 
6L, 0L, 17L, 18L, 24L, 1L, 20L, 24L, 11L, 15L, 1L, 40L, 24L, 
26L, 2L, 27L, 10L, 25L, 23L, 29L, 0L, 25L, 0L, 18L, 1L, 0L, 43L, 
16L, 13L, 1L, 3L, 21L, 0L, 2L, 17L, 8L, 6L, 31L, 20L, 24L, 44L, 
22L, 27L, 14L, 6L, 18L, 18L, 13L, 6L, 32L, 18L, 7L, 41L, 22L, 
13L, 30L, 0L, 35L, 27L, 11L, 0L, 0L, 7L, 36L, 14L, 34L, 18L, 
7L, 4L, 29L, 2L, 10L, 11L, 5L, 19L, 5L, 0L, 0L, 0L, 18L, 16L, 
2L, 7L, 12L, 18L, 2L, 8L, 4L, 1L, 10L, 43L, 18L, 6L, 15L, 14L, 
25L, 1L, 0L, 9L, 23L, 9L, 9L, 27L, 10L, 38L, 31L, 8L, 6L, 6L, 
14L, 0L, 0L, 27L, 0L, 11L, 0L, 19L, 41L, 17L, 5L, 0L, 1L, 5L, 
17L, 6L, 18L, 23L, 1L, 10L, 9L, 0L, 0L, 13L, 0L, 11L, 20L, 5L, 
9L, 11L, 39L, 23L, 33L, 8L, 22L, 17L, 35L, 4L, 3L, 18L, 1L, 34L, 
0L, 34L, 16L, 2L, 8L, 7L, 1L, 4L, 28L, 17L, 17L, 9L, 38L, 16L, 
29L, 1L, 15L, 25L, 20L, 19L, 13L, 24L, 5L, 0L, 6L, 3L, 50L, 4L, 
1L, 2L, 18L, 31L, 60L, 52L, 47L, 26L, 34L, 0L, 2L, 11L, 7L, 31L, 
0L, 1L, 16L, 0L, 9L, 31L, 36L, 18L, 3L, 6L, 13L, 14L, 19L, 30L, 
14L, 8L, 18L, 2L, 15L, 12L, 15L, 41L, 3L, 1L, 2L, 35L, 66L, 0L, 
35L, 11L, 31L, 1L, 11L, 19L, 9L, 9L, 22L, 61L, 37L, 3L, 1L, 20L, 
23L, 24L, 0L, 17L, 23L, 11L, 21L, 0L, 33L, 23L, 22L, 7L, 19L, 
12L, 25L, 30L, 34L, 0L, 38L, 1L, 19L, 4L, 3L, 56L, 15L, 21L, 
2L, 7L, 18L, 0L, 25L, 12L, 18L, 8L, 11L, 32L, 14L, 30L, 53L, 
26L, 31L, 15L, 5L, 17L, 27L, 12L, 4L, 46L, 17L, 11L, 34L, 26L, 
16L, 19L, 0L, 31L, 29L, 5L, 0L, 0L, 7L, 30L, 14L, 37L, 12L, 15L, 
6L, 28L, 4L, 11L, 13L, 27L, 19L, 6L, 1L, 1L, 0L, 19L, 16L, 0L, 
8L, 16L, 15L, 3L, 12L, 2L, 0L, 22L, 47L, 18L, 9L, 11L, 22L, 19L, 
1L, 0L, 14L, 25L, 10L, 12L, 32L, 9L, 28L, 36L, 10L, 4L, 4L, 8L, 
1L, 5L, 29L, 0L, 14L, 6L, 21L, 37L, 16L, 6L, 0L, 1L, 3L, 21L, 
8L, 23L, 36L, 2L, 13L, 6L, 1L, 0L, 14L, 2L, 14L, 19L, 1L, 4L, 
9L, 9L, 41L, 35L, 29L, 10L, 20L, 17L, 29L, 10L, 1L, 15L, 1L, 
40L, 0L, 35L, 19L, 2L, 16L, 6L, 0L, 8L, 23L, 16L, 20L, 9L, 34L, 
13L, 12L, 0L, 10L, 25L, 22L, 20L, 15L, 27L, 5L, 0L, 13L, 4L, 
45L, 4L, 2L, 0L, 13L, 30L, 36L, 33L, 37L, 34L, 39L, 2L, 0L, 12L, 
9L, 28L, 0L, 7L, 24L, 1L, 10L, 54L, 46L, 24L, 7L, 8L, 15L, 13L, 
26L, 29L, 22L, 9L, 6L, 26L, 2L, 19L, 11L, 11L, 45L, 5L, 1L, 5L, 
27L, 70L, 1L, 46L, 9L, 39L, 0L, 23L, 20L, 11L, 9L, 16L, 61L, 
36L, 11L, 0L, 23L, 36L, 20L, 8L, 16L, 11L, 21L, 24L, 52L, 29L, 
23L, 4L, 13L, 11L, 37L, 21L, 45L, 3L, 49L, 4L, 20L, 5L, 1L, 53L, 
18L, 26L, 1L, 4L, 19L, 1L, 33L, 14L, 10L, 15L, 9L, 36L, 26L, 
27L, 47L, 28L, 35L, 15L, 9L, 18L, 23L, 12L, 5L, 57L, 17L, 11L, 
51L, 29L, 17L, 24L, 1L, 30L, 21L, 11L, 2L, 0L, 13L, 35L, 18L, 
52L, 18L, 17L, 3L, 28L, 4L, 6L, 12L, 32L, 32L, 17L, 1L, 1L, 1L, 
25L, 15L, 1L, 5L, 11L, 11L, 1L, 12L, 5L, 1L, 14L, 41L, 7L, 6L, 
9L, 25L, 28L, 2L, 0L, 25L, 28L, 10L, 9L, 38L, 4L, 31L, 53L, 13L, 
3L, 8L, 9L, 0L, 5L, 19L, 0L, 18L, 6L, 9L, 24L, 18L, 7L, 0L, 3L, 
2L, 22L, 11L, 13L, 33L, 0L, 13L, 8L, 0L, 2L, 11L, 4L, 8L, 20L, 
3L, 5L, 10L, 13L, 35L, 31L, 32L, 10L, 25L, 18L, 43L, 13L, 14L, 
15L, 3L, 41L, 1L, 28L, 18L, 3L, 26L, 7L, 2L, 9L, 36L, 23L, 25L, 
9L, 47L, 17L, 22L, 2L, 10L, 22L, 26L, 27L, 20L, 21L, 8L, 0L, 
17L, 2L, 41L, 6L, 4L, 0L, 27L, 31L, 66L, 67L, 48L, 39L, 29L, 
1L, 1L, 11L, 6L, 9L, 0L, 1L, 15L, 0L, 9L, 16L, 27L, 4L, 6L, 8L, 
10L, 8L, 7L, 30L, 13L, 12L, 2L, 10L, 0L, 9L, 7L, 9L, 26L, 4L, 
0L, 7L, 14L, 78L, 3L, 29L, 6L, 19L, 0L, 9L, 17L, 8L, 3L, 16L, 
58L, 19L, 2L, 0L, 25L, 13L, 18L, 2L, 14L, 3L, 8L, 21L, 2L, 39L, 
22L, 20L, 0L, 8L, 9L, 8L, 21L, 33L, 0L, 21L, 4L, 6L, 0L, 1L, 
29L, 12L, 11L, 0L, 1L, 4L, 1L, 24L, 5L, 3L, 13L, 17L, 17L, 6L, 
31L, 21L, 23L, 7L, 2L, 12L, 7L, 6L, 3L, 27L, 10L, 5L, 23L, 19L, 
