C <-
structure(c(27L, 25L, 25L, 16L, 22L, 32L, 14L, 7L, 24L, 25L, 
23L, 31L, 14L, 37L, 36L, 37L, 34L, 28L, 44L, 49L, 58L, 58L, 83L, 
66L, 127L, 104L, 101L, 133L, 89L, 130L, 173L, 143L, 142L, 112L, 
97L, 186L, 118L, 159L, 211L, 103L, 33L, 26L, 35L, 27L, 15L, 18L, 
32L, 24L, 23L, 36L, 24L, 41L, 24L, 30L, 42L, 45L, 49L, 52L, 43L, 
57L, 70L, 82L, 76L, 84L, 129L, 99L, 132L, 133L, 105L, 134L, 188L, 
178L, 147L, 149L, 112L, 197L, 131L, 196L, 232L, 105L, 67L, 61L, 
36L, 47L, 27L, 34L, 27L, 29L, 33L, 58L, 55L, 59L, 48L, 65L, 73L, 
63L, 77L, 76L, 92L, 106L, 134L, 103L, 106L, 156L, 232L, 171L, 
216L, 194L, 183L, 240L, 340L, 298L, 277L, 231L, 176L, 350L, 225L, 
337L, 375L, 179L, 28L, 37L, 26L, 21L, 32L, 27L, 33L, 14L, 25L, 
32L, 26L, 32L, 24L, 26L, 52L, 54L, 39L, 54L, 39L, 62L, 71L, 66L, 
69L, 99L, 151L, 114L, 116L, 121L, 127L, 151L, 226L, 204L, 177L, 
178L, 107L, 205L, 137L, 214L, 246L, 107L, 32L, 38L, 37L, 27L, 
23L, 18L, 19L, 16L, 25L, 25L, 31L, 37L, 28L, 42L, 47L, 32L, 43L, 
54L, 54L, 63L, 84L, 66L, 95L, 89L, 151L, 93L, 129L, 122L, 115L, 
136L, 220L, 164L, 170L, 170L, 111L, 237L, 146L, 217L, 236L, 122L, 
42L, 56L, 45L, 29L, 47L, 39L, 37L, 31L, 42L, 55L, 46L, 66L, 46L, 
73L, 68L, 82L, 89L, 82L, 90L, 88L, 119L, 117L, 139L, 154L, 259L, 
150L, 220L, 227L, 214L, 238L, 367L, 314L, 287L, 246L, 173L, 378L, 
203L, 331L, 378L, 206L, 19L, 38L, 39L, 24L, 24L, 27L, 30L, 23L, 
34L, 39L, 40L, 50L, 32L, 48L, 59L, 35L, 59L, 67L, 58L, 57L, 81L, 
79L, 92L, 112L, 162L, 133L, 149L, 169L, 157L, 167L, 228L, 206L, 
184L, 181L, 117L, 256L, 153L, 246L, 275L, 139L, 22L, 26L, 16L, 
30L, 20L, 13L, 15L, 10L, 19L, 26L, 21L, 22L, 22L, 25L, 28L, 32L, 
29L, 37L, 36L, 33L, 52L, 50L, 55L, 57L, 104L, 59L, 78L, 91L, 
85L, 102L, 173L, 138L, 120L, 115L, 75L, 140L, 75L, 121L, 172L, 
88L, 24L, 22L, 20L, 19L, 15L, 26L, 22L, 11L, 25L, 31L, 18L, 26L, 
21L, 39L, 40L, 45L, 39L, 37L, 36L, 37L, 51L, 54L, 65L, 81L, 124L, 
87L, 99L, 119L, 81L, 118L, 167L, 151L, 157L, 127L, 96L, 177L, 
99L, 166L, 179L, 90L, 20L, 26L, 25L, 18L, 23L, 22L, 22L, 12L, 
26L, 26L, 33L, 39L, 22L, 33L, 30L, 42L, 64L, 41L, 49L, 52L, 77L, 
57L, 79L, 63L, 144L, 63L, 115L, 99L, 118L, 114L, 184L, 151L, 
141L, 141L, 72L, 175L, 116L, 176L, 192L, 103L, 49L, 47L, 40L, 
39L, 31L, 45L, 37L, 25L, 36L, 52L, 47L, 50L, 43L, 40L, 74L, 70L, 
63L, 62L, 66L, 84L, 108L, 103L, 128L, 153L, 217L, 117L, 180L, 
192L, 178L, 216L, 305L, 269L, 241L, 237L, 182L, 325L, 175L, 280L, 
360L, 186L, 32L, 33L, 37L, 24L, 21L, 29L, 25L, 24L, 21L, 35L, 
27L, 52L, 37L, 51L, 44L, 55L, 62L, 61L, 54L, 58L, 81L, 85L, 98L, 
109L, 164L, 122L, 144L, 153L, 130L, 174L, 234L, 206L, 201L, 182L, 
123L, 229L, 156L, 190L, 247L, 133L, 35L, 35L, 30L, 34L, 29L, 
35L, 38L, 25L, 31L, 26L, 35L, 48L, 24L, 53L, 51L, 58L, 58L, 52L, 
55L, 68L, 81L, 71L, 94L, 108L, 178L, 94L, 136L, 167L, 129L, 158L, 
214L, 207L, 187L, 186L, 154L, 251L, 143L, 213L, 281L, 139L, 28L, 
26L, 34L, 16L, 36L, 20L, 28L, 22L, 26L, 42L, 31L, 36L, 22L, 41L, 
43L, 38L, 54L, 50L, 51L, 71L, 78L, 66L, 93L, 104L, 145L, 111L, 
131L, 154L, 114L, 138L, 243L, 209L, 194L, 150L, 117L, 231L, 148L, 
214L, 217L, 126L, 31L, 25L, 24L, 31L, 20L, 20L, 31L, 15L, 22L, 
34L, 23L, 28L, 26L, 34L, 33L, 40L, 49L, 33L, 44L, 35L, 59L, 55L, 
56L, 78L, 112L, 88L, 100L, 94L, 101L, 136L, 194L, 177L, 176L, 
154L, 119L, 199L, 129L, 182L, 199L, 76L, 46L, 63L, 50L, 47L, 
32L, 45L, 35L, 28L, 47L, 50L, 51L, 59L, 50L, 61L, 81L, 73L, 90L, 
66L, 96L, 85L, 131L, 111L, 133L, 187L, 239L, 186L, 238L, 241L, 
200L, 241L, 371L, 339L, 289L, 289L, 171L, 393L, 242L, 334L, 410L, 
189L, 33L, 28L, 27L, 30L, 23L, 29L, 26L, 29L, 36L, 39L, 37L, 
42L, 31L, 60L, 58L, 57L, 66L, 56L, 53L, 63L, 88L, 79L, 76L, 108L, 
157L, 126L, 159L, 185L, 138L, 173L, 248L, 212L, 203L, 199L, 145L, 
249L, 133L, 234L, 265L, 123L, 15L, 20L, 11L, 10L, 11L, 8L, 10L, 
11L, 16L, 17L, 18L, 16L, 10L, 22L, 25L, 32L, 20L, 30L, 27L, 23L, 
40L, 35L, 26L, 45L, 105L, 60L, 67L, 73L, 58L, 86L, 115L, 102L, 
88L, 92L, 79L, 121L, 78L, 122L, 122L, 65L, 44L, 48L, 36L, 36L, 
21L, 38L, 37L, 26L, 33L, 56L, 28L, 38L, 30L, 50L, 49L, 44L, 76L, 
59L, 64L, 64L, 95L, 72L, 107L, 106L, 187L, 131L, 166L, 185L, 
137L, 157L, 259L, 220L, 220L, 198L, 167L, 283L, 156L, 222L, 299L, 
135L, 19L, 27L, 20L, 17L, 20L, 15L, 19L, 16L, 22L, 22L, 15L, 
35L, 22L, 22L, 36L, 35L, 50L, 44L, 42L, 52L, 70L, 49L, 73L, 73L, 
119L, 74L, 113L, 110L, 121L, 128L, 178L, 149L, 142L, 162L, 113L, 
204L, 107L, 170L, 200L, 95L, 22L, 22L, 22L, 14L, 13L, 16L, 24L, 
14L, 12L, 24L, 16L, 29L, 15L, 26L, 29L, 36L, 36L, 29L, 31L, 47L, 
54L, 45L, 64L, 69L, 112L, 73L, 98L, 90L, 79L, 99L, 163L, 117L, 
141L, 106L, 76L, 157L, 102L, 136L, 152L, 75L, 29L, 36L, 22L, 
27L, 26L, 21L, 18L, 33L, 29L, 37L, 14L, 44L, 20L, 43L, 45L, 54L, 
44L, 49L, 54L, 43L, 58L, 63L, 75L, 81L, 141L, 103L, 128L, 123L, 
94L, 145L, 211L, 161L, 134L, 131L, 119L, 192L, 147L, 175L, 210L, 
98L, 12L, 15L, 18L, 19L, 12L, 16L, 14L, 11L, 22L, 23L, 23L, 35L, 
20L, 33L, 37L, 38L, 39L, 42L, 30L, 34L, 53L, 48L, 63L, 72L, 108L, 
61L, 105L, 103L, 99L, 109L, 170L, 144L, 134L, 123L, 84L, 152L, 
96L, 156L, 173L, 83L, 20L, 24L, 26L, 18L, 17L, 20L, 28L, 10L, 
21L, 37L, 23L, 31L, 22L, 25L, 41L, 35L, 38L, 32L, 43L, 47L, 50L, 
57L, 65L, 86L, 110L, 86L, 96L, 90L, 87L, 105L, 175L, 139L, 128L, 
168L, 96L, 190L, 117L, 149L, 198L, 95L, 20L, 24L, 23L, 16L, 22L, 
15L, 24L, 16L, 20L, 26L, 30L, 44L, 19L, 33L, 33L, 53L, 45L, 41L, 
50L, 51L, 59L, 54L, 53L, 70L, 146L, 83L, 118L, 120L, 85L, 132L, 
173L, 156L, 149L, 128L, 76L, 165L, 109L, 148L, 189L, 108L, 16L, 
16L, 18L, 17L, 16L, 8L, 13L, 15L, 10L, 19L, 25L, 23L, 6L, 17L, 
27L, 27L, 32L, 35L, 31L, 24L, 41L, 49L, 45L, 64L, 74L, 64L, 75L, 
70L, 64L, 92L, 134L, 108L, 114L, 103L, 69L, 141L, 83L, 111L, 
162L, 68L, 41L, 40L, 33L, 28L, 31L, 37L, 15L, 19L, 38L, 43L, 
46L, 52L, 34L, 58L, 46L, 52L, 57L, 65L, 64L, 84L, 100L, 92L, 
115L, 111L, 192L, 143L, 176L, 179L, 140L, 181L, 284L, 240L, 220L, 
188L, 153L, 272L, 182L, 228L, 303L, 146L, 31L, 28L, 18L, 19L, 
26L, 30L, 30L, 17L, 26L, 29L, 41L, 45L, 31L, 32L, 59L, 47L, 54L, 
56L, 60L, 64L, 76L, 62L, 85L, 99L, 158L, 114L, 140L, 159L, 120L, 
150L, 239L, 186L, 179L, 178L, 122L, 227L, 114L, 197L, 254L, 129L, 
15L, 16L, 22L, 28L, 27L, 18L, 20L, 12L, 19L, 29L, 25L, 28L, 18L, 
34L, 33L, 43L, 35L, 37L, 26L, 32L, 47L, 47L, 47L, 54L, 112L, 
88L, 106L, 97L, 79L, 106L, 157L, 123L, 128L, 106L, 81L, 163L, 
88L, 131L, 187L, 81L, 47L, 41L, 39L, 34L, 31L, 34L, 36L, 24L, 
27L, 48L, 32L, 39L, 35L, 47L, 73L, 74L, 85L, 75L, 73L, 70L, 114L, 
91L, 118L, 135L, 194L, 157L, 211L, 209L, 185L, 230L, 318L, 255L, 
255L, 229L, 183L, 343L, 191L, 277L, 372L, 179L, 33L, 40L, 44L, 
18L, 27L, 40L, 23L, 20L, 27L, 35L, 31L, 36L, 38L, 52L, 60L, 50L, 
47L, 61L, 55L, 56L, 96L, 80L, 82L, 110L, 185L, 106L, 123L, 151L, 
139L, 147L, 242L, 189L, 211L, 189L, 152L, 244L, 146L, 213L, 266L, 
140L, 23L, 31L, 25L, 22L, 25L, 24L, 21L, 20L, 26L, 43L, 32L, 
40L, 25L, 31L, 34L, 38L, 49L, 40L, 55L, 50L, 67L, 54L, 46L, 81L, 
125L, 101L, 121L, 117L, 96L, 137L, 181L, 168L, 153L, 151L, 100L, 
205L, 122L, 183L, 212L, 101L, 43L, 39L, 36L, 43L, 21L, 43L, 29L, 
21L, 39L, 45L, 34L, 49L, 30L, 45L, 67L, 55L, 74L, 68L, 68L, 57L, 
105L, 84L, 92L, 129L, 175L, 132L, 160L, 164L, 133L, 193L, 288L, 
253L, 243L, 218L, 151L, 291L, 161L, 259L, 344L, 159L, 40L, 40L, 
41L, 39L, 18L, 36L, 27L, 36L, 46L, 51L, 39L, 67L, 38L, 40L, 65L, 
54L, 61L, 63L, 66L, 70L, 94L, 101L, 104L, 121L, 196L, 140L, 170L, 
168L, 157L, 190L, 280L, 246L, 232L, 205L, 149L, 289L, 164L, 273L, 
313L, 154L, 28L, 39L, 45L, 28L, 33L, 26L, 31L, 27L, 34L, 51L, 
45L, 45L, 32L, 54L, 44L, 64L, 67L, 52L, 56L, 54L, 103L, 76L, 
93L, 119L, 212L, 122L, 165L, 192L, 156L, 193L, 242L, 224L, 201L, 
192L, 164L, 265L, 187L, 237L, 324L, 166L, 35L, 35L, 30L, 45L, 
17L, 46L, 24L, 21L, 40L, 34L, 24L, 37L, 45L, 41L, 67L, 70L, 69L, 
55L, 58L, 73L, 90L, 74L, 102L, 102L, 176L, 149L, 145L, 174L, 
144L, 171L, 265L, 211L, 188L, 165L, 136L, 274L, 158L, 229L, 294L, 
148L, 28L, 38L, 35L, 32L, 31L, 38L, 32L, 21L, 45L, 36L, 40L, 
43L, 33L, 50L, 49L, 58L, 52L, 57L, 63L, 60L, 96L, 83L, 98L, 85L, 
