C <-
c(26L, 33L, 32L, 34L, 22L, 30L, 24L, 24L, 28L, 28L, 36L, 43L, 
36L, 36L, 44L, 57L, 56L, 49L, 63L, 84L, 59L, 87L, 91L, 100L, 
121L, 132L, 151L, 149L, 145L, 221L, 209L, 198L, 251L, 258L, 262L, 
265L, 259L, 261L, 263L, 244L)
n <-
40L
year <-
c(-1.66802789939819, -1.58248800712136, -1.49694811484453, -1.4114082225677, 
-1.32586833029087, -1.24032843801404, -1.15478854573721, -1.06924865346038, 
-0.983708761183547, -0.898168868906717, -0.812628976629887, -0.727089084353056, 
-0.641549192076226, -0.556009299799396, -0.470469407522566, -0.384929515245736, 
-0.299389622968906, -0.213849730692075, -0.128309838415245, -0.0427699461384151, 
0.0427699461384151, 0.128309838415245, 0.213849730692075, 0.299389622968906, 
0.384929515245736, 0.470469407522566, 0.556009299799396, 0.641549192076226, 
0.727089084353056, 0.812628976629887, 0.898168868906717, 0.983708761183547, 
1.06924865346038, 1.15478854573721, 1.24032843801404, 1.32586833029087, 
1.4114082225677, 1.49694811484453, 1.58248800712136, 1.66802789939819
)
