N <- 1
K <- 3
complaints <- c(3)
traps <- c(4.98911472926553)
J <- 5
building_idx <- c(1)
building_data <- structure(c(5.93334017268872, 5.1265750792953506, 2.4549449239199386, 3.5550498489338422, 4.7987109819349936, 2.7692392440132871, 2.0488310769762585, 5.783187936628833, 3.2417162976289391, 5.2639354623854464, 6.9358865747636127, 2.8372273873374843, 4.7872911244175294, 5.792583931086865, 5.4266452323812633), .Dim=c(5, 3))
log_sq_foot <- c(4.3376092457205466)
mo_idx <- c(2)
M <- 6
