N <- 1
M <- 3
K <- 2
complaints <- c(6)
traps <- c(5.6412109834971975)
J <- 1
building_idx <- c(1)
building_data <- structure(c(5.5155341857423448, 4.4293360748575772), .Dim=c(1, 2))
log_sq_foot <- c(3.205148245631666)
mo_idx <- c(3)
