N <- 1
complaints <- c(3)
traps <- c(1.5468357100227781)
log_sq_foot <- c(5.6412109834971975)
K <- 1
J <- 2
building_idx <- c(1)
building_data <- structure(c(5.1265750792953506, 2.4549449239199386), .Dim=c(2, 1))
