N <- 1
traps <- c(1.7081929429911604)
live_in_super <- c(0.59782294585310591)
log_sq_foot <- c(6.3344079550739476)
complaints <- c(2)
