N <- 1
complaints <- c(3)
traps <- c(1.5468357100227781)
live_in_super <- c(0.72824219669943946)
log_sq_foot <- c(3.4352608559042288)
