N <- 1
mean_traps <- 1.7081929429911604
