N <- 1
complaints <- c(3)
traps <- c(1.5468357100227781)
