R <-
27L
T <-
6L
y <-
structure(c(0, 0, 0, 0, 0, 0, 1, 1, 0, 1, 0, 0, 0, 1, 0, 1, 0, 
0, 0, 0, 0, 0, 1, 1, 0, 0, 1, 0, 0, 0, 0, 0, 0, 0, 0, 1, 0, 0, 
0, 0, 1, 0, 0, 0, 0, 0, 0, 0, 0, 0, 1, 0, 0, 0, 0, 0, 0, 0, 0, 
0, 0, 1, 1, 0, 0, 0, 0, 1, 0, 0, 0, 0, 0, 0, 0, 0, 0, 0, 0, 0, 
0, 0, 0, 0, 0, 0, 0, 0, 0, 1, 0, 0, 0, 0, 1, 0, 0, 0, 0, 0, 0, 
0, 0, 0, 0, 0, 0, 0, 0, 0, 0, 0, 0, 0, 1, 0, 1, 0, 0, 0, 0, 1, 
1, 0, 0, 0, 0, 0, 0, 0, 0, 0, 0, 0, 0, 0, 0, 0, 0, 0, 0, 1, 1, 
1, 0, 0, 0, 0, 0, 0, 0, 0, 0, 0, 0, 0, 0, 0, 0, 0, 0, 0), .Dim = c(27L, 
6L))
edge <-
c(1L, 1L, 1L, 0L, 0L, 0L, 0L, 0L, 0L, 0L, 1L, 1L, 1L, 0L, 1L, 
0L, 1L, 0L, 1L, 0L, 1L, 1L, 1L, 0L, 0L, 0L, 1L)
DATES <-
structure(c(-1.23483737770059, -1.23483737770059, -1.23483737770059, 
-0.920264280364574, -0.920264280364574, -0.920264280364574, -1.23483737770059, 
-1.23483737770059, -1.23483737770059, 1.28174740098754, -0.291118085692541, 
-0.920264280364574, -0.920264280364574, -1.23483737770059, -1.23483737770059, 
1.28174740098754, -0.920264280364574, -1.23483737770059, -1.23483737770059, 
-0.291118085692541, -0.500833483916552, -1.23483737770059, -1.3396950768126, 
-1.3396950768126, -0.920264280364574, -0.920264280364574, -0.500833483916552, 
-0.500833483916552, -0.500833483916552, -0.500833483916552, 0, 
0, 0, -0.500833483916552, -0.500833483916552, -0.500833483916552, 
0, 0, -0.291118085692541, -0.291118085692541, -0.500833483916552, 
-0.186260386580536, 0, 0, -0.500833483916552, -0.500833483916552, 
1.28174740098754, -0.291118085692541, 0, 0, -0.815406581252568, 
0, 0, -0.186260386580536, 0.967174303651524, 0.967174303651524, 
0.967174303651524, 0, 0, 0, -0.291118085692541, -0.291118085692541, 
-0.291118085692541, 0, 0, 0, 0, -0.186260386580536, -0.0814026874685306, 
0, 0, 0, 0, 0, 0.967174303651524, 0, 0, 0, 0, 0, -0.0814026874685306, 
1.28174740098754, 1.28174740098754, 1.28174740098754, 0, 0, 0, 
-0.186260386580536, -0.186260386580536, -0.186260386580536, 0, 
0, 0, 0, 0.967174303651524, 0.967174303651524, 0, 0, 0, 0, 0, 
0, 0, 0, 0, 0, 0, 0.967174303651524, 1.70117819743556, 1.70117819743556, 
1.70117819743556, 0, 0, 0, 0.967174303651524, 0.967174303651524, 
0.967174303651524, 0, 0, 0, 0, 1.28174740098754, 1.28174740098754, 
0, 0, 0, 0, 0, 0, 0, 0, 0, 0, 0, 1.28174740098754, 0, 0, 0, 0, 
0, 0, 1.28174740098754, 1.28174740098754, 1.28174740098754, 0, 
0, 0, 0, 0, 1.70117819743556, 0, 0, 0, 0, 0, 0, 0, 0, 0, 0, 0, 
1.70117819743556), .Dim = c(27L, 6L))
HOURS <-
structure(c(-0.50118815307147, -0.50118815307147, -0.50118815307147, 
-0.368930168233166, -1.55925203177791, -2.08828397113113, -0.104414198556556, 
0.0939727787009007, 0.292359755958358, -0.897962107586384, 0.689133710473272, 
-1.09634908484384, -1.16247807726299, -0.236672183394861, 1.08590766498819, 
0.821391695311576, -1.2947360621013, 0.689133710473272, 0.490746733215815, 
0.160101771120053, 0.424617740796662, -0.302801175814013, -0.104414198556556, 
-0.50118815307147, -1.82376800145452, -1.95602598629282, -0.897962107586384, 
-0.50118815307147, -0.50118815307147, -0.50118815307147, 0, 0, 
0, -0.104414198556556, 0.0939727787009007, 0.292359755958358, 
0, 0, 0.887520687730729, 0.821391695311576, -0.236672183394861, 
0.424617740796662, 0, 0, 0.689133710473272, 0.887520687730729, 
-0.302801175814013, -0.104414198556556, 0, 0, 1.4826816195031, 
0, 0, 1.87945557401801, 0.689133710473272, 0.755262702892424, 
0.821391695311576, 0, 0, 0, 0.424617740796662, 0.292359755958358, 
0.0278437862817484, 0, 0, 0, 0, 0.821391695311576, 0.490746733215815, 
0, 0, 0, 0, 0, 1.21816564982649, 0, 0, 0, 0, 0, 0.424617740796662, 
-1.82376800145452, -1.82376800145452, -1.82376800145452, 0, 0, 
0, 0.953649680149881, 1.08590766498819, 1.15203665740734, 0, 
0, 0, 0, 0.887520687730729, 1.4826816195031, 0, 0, 0, 0, 0, 0, 
0, 0, 0, 0, 0, 1.6149396043414, 0.623004718054119, 0.623004718054119, 
0.623004718054119, 0, 0, 0, 0.953649680149881, 1.08590766498819, 
1.15203665740734, 0, 0, 0, 0, -1.2947360621013, -2.08828397113113, 
0, 0, 0, 0, 0, 0, 0, 0, 0, 0, 0, -2.22054195596943, 0, 0, 0, 
0, 0, 0, -0.831833115167232, -0.699575130328927, -0.50118815307147, 
0, 0, 0, 0, 0, 0.490746733215815, 0, 0, 0, 0, 0, 0, 0, 0, 0, 
0, 0, 0.35848874837751), .Dim = c(27L, 6L))
last <-
c(5L, 5L, 5L, 1L, 1L, 1L, 6L, 6L, 6L, 1L, 1L, 2L, 2L, 5L, 6L, 
1L, 1L, 2L, 2L, 2L, 3L, 1L, 1L, 2L, 1L, 1L, 6L)
