R <-
40L
T <-
5L
y <-
structure(c(2, 1, 0, 0, 1, 1, 2, 2, 1, 1, 1, 1, 1, 2, 1, 0, 1, 
0, 0, 0, 1, 2, 1, 1, 0, 0, 1, 2, 1, 2, 1, 1, 1, 1, 1, 1, 1, 1, 
0, 1, 3, 1, 0, 0, 1, 1, 3, 1, 1, 1, 0, 1, 1, 1, 3, 0, 1, 0, 0, 
0, 0, 2, 0, 3, 0, 0, 0, 2, 1, 2, 1, 1, 1, 1, 1, 1, 1, 1, 0, 0, 
0, 0, 0, 0, 1, 1, 3, 1, 1, 0, 0, 1, 1, 1, 1, 0, 0, 0, 0, 0, 0, 
1, 0, 0, 0, 0, 0, 1, 0, 1, 0, 1, 1, 3, 0, 0, 0, 0, 0, 0, 0, 0, 
0, 0, 1, 1, 1, 1, 1, 0, 0, 1, 0, 0, 0, 0, 0, 0, 0, 0, 0, 2, 0, 
0, 0, 0, 0, 1, 0, 1, 0, 1, 1, 0, 0, 0, 0, 0, 0, 0, 0, 0, 0, 0, 
1, 0, 0, 0, 0, 0, 0, 0, 0, 0, 0, 0, 0, 0, 0, 0, 0, 0, 0, 0, 0, 
0, 0, 1, 0, 1, 0, 1, 1, 0, 0, 0, 0, 0, 0, 0), .Dim = c(40L, 5L
))
