y <-
structure(c(0L, 0L, 0L, 0L, 0L, 0L, 0L, 0L, 0L, 0L, 0L, 0L, 0L, 
0L, 0L, 0L, 0L, 0L, 0L, 0L, 0L, 0L, 0L, 0L, 0L, 0L, 0L, 0L, 0L, 
0L, 0L, 0L, 0L, 0L, 0L, 0L, 0L, 0L, 0L, 0L, 0L, 0L, 0L, 0L, 0L, 
0L, 0L, 1L, 1L, 0L, 0L, 0L, 0L, 0L, 0L, 0L, 0L, 0L, 0L, 0L, 1L, 
0L, 0L, 1L, 0L, 0L, 0L, 0L, 0L, 0L, 1L, 0L, 0L, 0L, 0L, 0L, 1L, 
0L, 0L, 0L, 0L, 0L, 0L, 0L, 0L, 0L, 0L, 0L, 0L, 0L, 0L, 0L, 0L, 
1L, 0L, 1L, 1L, 0L, 0L, 1L, 0L, 0L, 1L, 1L, 0L, 0L, 0L, 0L, 0L, 
0L, 0L, 0L, 1L, 0L, 0L, 1L, 0L, 0L, 0L, 1L, 1L, 0L, 0L, 1L, 0L, 
0L, 1L, 0L, 0L, 0L, 0L, 0L, 1L, 0L, 0L, 0L, 0L, 1L, 0L, 0L, 0L, 
0L, 1L, 1L, 1L, 0L, 0L, 1L, 0L, 0L, 1L, 0L, 0L, 0L, 0L, 0L, 0L, 
0L, 0L, 0L, 0L, 1L, 0L, 0L, 1L, 0L, 0L, 1L, 0L, 0L, 0L, 0L, 0L, 
0L, 0L, 0L, 0L, 0L, 1L, 0L, 1L, 0L, 0L, 0L, 1L, 0L, 0L, 0L, 0L, 
0L, 0L, 0L, 0L, 0L, 0L, 0L, 0L, 0L, 0L, 0L, 0L, 0L, 0L, 0L, 0L, 
0L, 0L, 0L, 0L, 0L, 0L, 0L, 0L, 0L, 0L, 0L, 0L, 0L, 0L, 0L, 0L, 
1L, 0L, 0L, 0L, 0L, 0L, 0L, 0L, 0L, 0L, 0L, 0L, 0L, 0L, 0L, 0L, 
0L, 0L, 0L, 0L, 0L, 0L, 0L, 0L, 0L, 0L, 1L, 1L, 0L, 0L, 0L, 0L, 
0L, 0L, 0L, 0L, 0L, 0L, 0L, 1L, 0L, 0L, 1L, 0L, 0L, 0L, 0L, 0L, 
0L, 1L, 0L, 0L, 0L, 0L, 0L, 1L, 0L, 0L, 0L, 0L, 0L, 0L, 0L, 0L, 
0L, 0L, 0L, 0L, 0L, 0L, 0L, 0L, 1L, 0L, 0L, 1L, 0L, 0L, 1L, 0L, 
0L, 1L, 1L, 0L, 0L, 0L, 0L, 0L, 0L, 0L, 0L, 0L, 0L, 0L, 1L, 0L, 
0L, 0L, 0L, 1L, 0L, 0L, 1L, 0L, 0L, 0L, 0L, 0L, 1L, 0L, 0L, 1L, 
1L, 0L, 0L, 0L, 0L, 0L, 0L, 0L, 0L, 0L, 0L, 0L, 0L, 0L, 0L, 0L, 
0L, 1L, 0L, 0L, 0L, 0L, 0L, 0L, 1L, 0L, 0L, 1L, 0L, 0L, 0L, 1L, 
0L, 0L, 1L, 0L, 0L, 0L, 0L, 0L, 0L, 0L, 0L, 1L, 0L, 1L, 0L, 0L, 
1L, 0L, 0L, 1L, 0L, 0L, 0L, 0L, 0L, 0L, 0L, 0L, 0L, 0L, 0L, 0L, 
0L, 1L, 0L, 0L, 0L, 0L, 0L, 0L, 0L, 0L, 0L, 0L, 0L, 0L, 0L, 0L, 
0L, 0L, 0L, 0L, 0L, 0L, 0L, 0L, 1L, 0L, 0L, 0L, 0L, 0L, 0L, 0L, 
0L, 0L, 0L, 0L, 0L, 0L, 0L, 0L, 0L, 0L, 0L, 0L, 0L, 0L, 0L, 0L, 
0L, 0L, 1L, 1L, 0L, 0L, 0L, 0L, 0L, 0L, 0L, 0L, 0L, 0L, 0L, 1L, 
0L, 0L, 1L, 0L, 0L, 0L, 0L, 0L, 0L, 1L, 0L, 0L, 0L, 0L, 0L, 1L, 
0L, 0L, 0L, 0L, 0L, 0L, 0L, 0L, 0L, 0L, 0L, 0L, 0L, 0L, 0L, 0L, 
0L, 0L, 1L, 1L, 0L, 0L, 1L, 1L, 0L, 1L, 1L, 0L, 0L, 0L, 0L, 0L, 
0L, 0L, 0L, 1L, 0L, 0L, 0L, 0L, 0L, 0L, 1L, 0L, 0L, 0L, 0L, 0L, 
0L, 1L, 0L, 0L, 0L, 0L, 0L, 0L, 0L, 0L, 0L, 0L, 0L, 0L, 0L, 0L, 
1L, 1L, 0L, 0L, 1L, 0L, 0L, 1L, 0L, 1L, 0L, 1L, 0L, 1L, 0L, 0L, 
0L, 0L, 0L, 0L, 1L, 0L, 0L, 0L, 0L, 0L, 1L, 0L, 0L, 1L, 0L, 0L, 
0L, 1L, 0L, 0L, 0L, 0L, 0L, 0L, 0L, 0L, 0L, 0L, 0L, 0L, 0L, 0L, 
0L, 0L, 0L, 0L, 1L, 0L, 0L, 1L, 0L, 1L, 0L), .Dim = c(200L, 3L
))
X <-
c(-0.998750453349203, -0.979065776336938, -0.950772630982101, 
-0.915880932938308, -0.908887001220137, -0.908337666653097, -0.878558856900781, 
-0.846617669332772, -0.817912000231445, -0.81281002657488, -0.810318678151816, 
-0.794270711485296, -0.794150634668767, -0.777807077392936, -0.777729151304811, 
-0.75620148004964, -0.744936699513346, -0.738608616869897, -0.722387873101979, 
-0.716186184436083, -0.715411408804357, -0.714399955235422, -0.705810618121177, 
-0.705772705376148, -0.695306766312569, -0.695110504515469, -0.691595398355275, 
-0.649894699454308, -0.632343018427491, -0.63230095198378, -0.624617761466652, 
-0.58693722076714, -0.567184128332883, -0.566214474383742, -0.564018662553281, 
-0.560464737471193, -0.55976222967729, -0.557794124353677, -0.537676435895264, 
-0.536748429294676, -0.533931801095605, -0.521800088696182, -0.512761054560542, 
-0.508552643936127, -0.50782453129068, -0.507102011702955, -0.469964387826622, 
-0.46993453707546, -0.468626626301557, -0.468054719269276, -0.451666756998748, 
-0.451232710853219, -0.424844959750772, -0.42168052541092, -0.397542200051248, 
-0.384559978265315, -0.376595595851541, -0.375103670172393, -0.363637984730303, 
-0.360358765814453, -0.359253515023738, -0.357034487184137, -0.344158561434597, 
-0.334352919366211, -0.312967055477202, -0.296404181513935, -0.292190856300294, 
-0.289109238423407, -0.262309098150581, -0.261022268328816, -0.255523879546672, 
-0.251074448227882, -0.250572086777538, -0.24036692455411, -0.232060724403709, 
-0.224181940313429, -0.220011129509658, -0.190979436505586, -0.186334813479334, 
-0.1820461563766, -0.181050094775856, -0.178620446939021, -0.1745077627711, 
-0.172551347408444, -0.170907328370959, -0.164706440642476, -0.130214517004788, 
-0.121136927511543, -0.120336624793708, -0.11559985158965, -0.110463995952159, 
-0.102967317216098, -0.093331687618047, -0.0867705293931067, 
-0.0680750994943082, -0.0669345953501761, -0.06644191686064, 
-0.0493668518029153, -0.0444080578163266, -0.0374203990213573, 
-0.0341952056623995, -0.0227739326655865, -0.00494546582922339, 
0.00459912652149796, 0.0230109198018909, 0.0422714515589178, 
0.0562109760940075, 0.0596713717095554, 0.0673758909106255, 0.0881320494227111, 
0.098569312132895, 0.102870028931648, 0.121895967517048, 0.129180869553238, 
0.143870627973229, 0.145266803912818, 0.145734116435051, 0.163500199560076, 
0.170966706238687, 0.188284040894359, 0.188686388079077, 0.19997791852802, 
0.217469964642078, 0.225542006548494, 0.236035746522248, 0.238512966781855, 
0.239986620377749, 0.258442263118923, 0.259946106933057, 0.281013627536595, 
0.29578695865348, 0.29997031763196, 0.306203850079328, 0.311411598231643, 
0.313516255933791, 0.318460648413748, 0.31967689935118, 0.33023038925603, 
0.336111174896359, 0.336569299455732, 0.345998185221106, 0.355141270905733, 
0.380014203023165, 0.381410556845367, 0.385606812313199, 0.416580644436181, 
0.417060936335474, 0.420364802703261, 0.441192546859384, 0.46427041105926, 
0.474155475851148, 0.480668720789254, 0.493136008270085, 0.506615728605539, 
0.508950317278504, 0.516919075045735, 0.564588602632284, 0.572563103400171, 
0.576391668058932, 0.576610270887613, 0.588684642221779, 0.590934835374355, 
0.597849691286683, 0.620128706097603, 0.624779019039124, 0.629280077759176, 
0.643610920291394, 0.679535529576242, 0.685458637773991, 0.694906330201775, 
0.715655430685729, 0.727288222871721, 0.749364685732871, 0.766034808009863, 
0.772938121575862, 0.779078632127494, 0.780700444243848, 0.782788234297186, 
0.784838088788092, 0.786102228797972, 0.790090718306601, 0.799649940803647, 
0.803748778998852, 0.804598090238869, 0.826376446057111, 0.828876373823732, 
0.870599606540054, 0.874628178309649, 0.880934568587691, 0.895453880075365, 
0.908182477112859, 0.908947654999793, 0.909007298294455, 0.913666690699756, 
0.926048465073109, 0.959643834736198, 0.96843840694055, 0.969913959968835, 
0.971281768754125, 0.988539553247392)
R <-
200L
T <-
3L
