N <- 2
N_edges <- 3
node1 <- c(2, 2, 1)
node2 <- c(1, 1, 2)
y <- c(3, 2)
E <- c(2.4293360748575767, 1.205148245631666)
K <- 3
x <- structure(c(4.7987109819349936, 2.7692392440132871, 2.0488310769762585, 5.783187936628833, 3.2417162976289391, 5.2639354623854464), .Dim=c(2, 3))
scaling_factor <- 4.9358865747636127
