N <- 2
N_edges <- 3
node1 <- c(2, 2, 1)
node2 <- c(1, 1, 2)
y <- c(3, 2)
E <- c(2.4293360748575767, 1.205148245631666)
scaling_factor <- 4.5917108716024551
