N <- 2
N_edges <- 3
node1 <- c(2, 2, 1)
node2 <- c(1, 1, 2)
y <- c(3, 2)
E <- c(2.4293360748575767, 1.205148245631666)
N_singletons <- 1
N_components <- 2
nodes_per_component <- c(1, 1)
scales <- c(6.6603721061434964, 2.6106403377361884)
