all_tractIDs <-
c("36005000100", "36005000200", "36005000400", "36005001600", 
"36005002000", "36005002300", "36005002400", "36005002500", "36005002701", 
"36005002702", "36005002800", "36005003100", "36005003300", "36005003500", 
"36005003700", "36005003800", "36005003900", "36005004001", "36005004100", 
"36005004300", "36005004400", "36005004600", "36005004800", "36005005200", 
"36005005400", "36005005600", "36005005902", "36005006000", "36005006100", 
"36005006200", "36005006400", "36005006500", "36005006700", "36005006800", 
"36005006900", "36005007000", "36005007100", "36005007200", "36005007300", 
"36005007400", "36005007500", "36005007700", "36005007800", "36005007900", 
"36005008300", "36005008400", "36005008500", "36005008600", "36005008700", 
"36005008900", "36005009200", "36005009800", "36005011000", "36005011502", 
"36005011800", "36005011900", "36005012101", "36005012102", "36005012300", 
"36005012500", "36005012701", "36005012901", "36005013000", "36005013100", 
"36005013200", "36005013300", "36005013500", "36005013800", "36005014100", 
"36005014300", "36005014400", "36005014500", "36005014900", "36005015100", 
"36005015300", "36005015500", "36005015700", "36005015800", "36005016000", 
"36005016100", "36005016200", "36005016300", "36005016400", "36005016500", 
"36005016600", "36005016700", "36005016900", "36005017100", "36005017300", 
"36005017500", "36005018400", "36005018900", "36005019300", "36005019400", 
"36005019500", "36005019700", "36005019900", "36005020100", "36005020200", 
"36005020400", "36005020601", "36005021100", "36005021200", "36005021301", 
"36005021302", "36005021501", "36005021502", "36005021601", "36005021602", 
"36005021800", "36005021900", "36005022000", "36005022300", "36005022401", 
"36005022500", "36005022701", "36005022702", "36005022703", "36005022800", 
"36005022901", "36005022902", "36005023000", "36005023100", "36005023200", 
"36005023301", "36005023302", "36005023501", "36005023502", "36005023600", 
"36005023702", "36005023900", "36005024000", "36005024100", "36005024300", 
"36005024400", "36005024600", "36005024700", "36005024800", "36005024900", 
"36005025000", "36005025100", "36005025200", "36005025300", "36005025400", 
"36005025500", "36005025600", "36005025700", "36005026100", "36005026300", 
"36005026400", "36005026500", "36005026601", "36005026602", "36005026900", 
"36005027300", "36005027600", "36005027700", "36005027900", "36005028100", 
"36005028300", "36005028400", "36005028500", "36005028600", "36005028700", 
"36005028800", "36005028900", "36005029500", "36005029600", "36005029700", 
"36005030000", "36005030100", "36005030200", "36005031000", "36005031200", 
"36005031400", "36005031600", "36005031800", "36005031900", "36005032300", 
"36005032400", "36005032800", "36005033000", "36005033400", "36005033600", 
"36005033800", "36005034000", "36005034200", "36005034300", "36005034400", 
"36005034500", "36005035000", "36005035100", "36005035600", "36005035800", 
"36005035900", "36005036100", "36005036300", "36005036400", "36005036501", 
"36005036502", "36005036700", "36005036800", "36005036901", "36005036902", 
"36005037000", "36005037100", "36005037200", "36005037300", "36005037400", 
"36005037600", "36005037800", "36005037900", "36005038000", "36005038100", 
"36005038200", "36005038500", "36005038600", "36005038700", "36005038800", 
"36005038900", "36005039000", "36005039100", "36005039200", "36005039300", 
"36005039400", "36005039600", "36005039700", "36005039800", "36005039901", 
"36005039902", "36005040100", "36005040302", "36005040400", "36005040600", 
"36005040701", "36005040702", "36005040800", "36005040900", "36005041100", 
"36005041300", "36005041400", "36005041500", "36005041800", "36005041900", 
"36005042000", "36005042100", "36005042200", "36005042300", "36005042400", 
"36005042500", "36005042600", "36005042800", "36005042901", "36005042902", 
"36005043000", "36005043100", "36005043500", "36005043600", "36005044200", 
"36005044800", "36005044901", "36005044902", "36005045101", "36005045102", 
"36005045800", "36005046000", "36005046201", "36005046202", "36005048400", 
"36005050400", "36005051600", "36047000100", "36047000200", "36047000301", 
"36047000700", "36047000900", "36047001100", "36047001300", "36047001800", 
"36047002000", "36047002100", "36047002200", "36047002300", "36047002901", 
"36047003000", "36047003100", "36047003300", "36047003400", "36047003500", 
"36047003600", "36047003700", "36047003800", "36047003900", "36047004100", 
"36047004300", "36047004500", "36047004600", "36047004700", "36047004900", 
"36047005000", "36047005100", "36047005201", "36047005202", "36047005400", 
"36047005601", "36047005602", "36047005800", "36047005900", "36047006000", 
"36047006200", "36047006300", "36047006400", "36047006500", "36047006600", 
"36047006700", "36047006800", "36047006900", "36047007000", "36047007100", 
"36047007200", "36047007400", "36047007500", "36047007600", "36047007700", 
"36047007800", "36047008000", "36047008200", "36047008400", "36047008500", 
"36047008600", "36047008800", "36047009000", "36047009200", "36047009400", 
"36047009600", "36047009800", "36047010000", "36047010100", "36047010200", 
"36047010400", "36047010600", "36047010800", "36047011000", "36047011200", 
"36047011400", "36047011600", "36047011700", "36047011800", "36047012000", 
"36047012100", "36047012200", "36047012700", "36047012801", "36047012901", 
"36047012902", "36047013000", "36047013100", "36047013200", "36047013300", 
"36047013400", "36047013500", "36047013600", "36047013700", "36047013800", 
"36047013900", "36047014000", "36047014100", "36047014200", "36047014300", 
"36047014500", "36047014700", "36047014800", "36047014900", "36047015000", 
"36047015100", "36047015300", "36047015400", "36047015500", "36047015700", 
"36047015900", "36047016000", "36047016100", "36047016200", "36047016300", 
"36047016400", "36047016500", "36047016700", "36047016800", "36047016900", 
"36047017000", "36047017100", "36047017200", "36047017400", "36047017500", 
"36047017600", "36047017700", "36047017800", "36047017900", "36047018000", 
"36047018100", "36047018200", "36047018300", "36047018400", "36047018501", 
"36047018600", "36047018700", "36047018800", "36047019000", "36047019100", 
"36047019200", "36047019300", "36047019400", "36047019500", "36047019600", 
"36047019700", "36047019800", "36047019900", "36047020000", "36047020100", 
"36047020200", "36047020300", "36047020400", "36047020500", "36047020600", 
"36047020700", "36047020800", "36047021000", "36047021200", "36047021300", 
"36047021400", "36047021500", "36047021600", "36047021700", "36047021800", 
"36047021900", "36047022000", "36047022100", "36047022200", "36047022400", 
"36047022600", "36047022700", "36047022800", "36047022900", "36047023000", 
"36047023100", "36047023200", "36047023300", "36047023400", "36047023500", 
"36047023600", "36047023800", "36047024000", "36047024100", "36047024200", 
"36047024300", "36047024400", "36047024500", "36047024600", "36047024700", 
"36047024800", "36047024900", "36047025000", "36047025100", "36047025200", 
"36047025300", "36047025400", "36047025500", "36047025600", "36047025700", 
"36047025800", "36047025901", "36047025902", "36047026000", "36047026100", 
"36047026200", "36047026300", "36047026400", "36047026500", "36047026600", 
"36047026700", "36047026800", "36047026900", "36047027000", "36047027200", 
"36047027300", "36047027400", "36047027500", "36047027600", "36047027700", 
"36047027800", "36047027900", "36047028000", "36047028100", "36047028200", 
"36047028300", "36047028400", "36047028501", "36047028502", "36047028600", 
"36047028700", "36047028800", "36047028900", "36047029000", "36047029100", 
"36047029200", "36047029300", "36047029400", "36047029500", "36047029600", 
"36047029700", "36047029800", "36047029900", "36047030000", "36047030100", 
"36047030200", "36047030300", "36047030400", "36047030600", "36047030700", 
"36047030800", "36047030900", "36047031100", "36047031300", "36047031400", 
