N <- 2
y <- c(3, 2)
E <- c(2.9891147292655296, 4.3344079550739476)
