N <- 1921
y <- 
c(0, 1, 0, 7, 14, 4, 0, 1, 7, 7, 3, 4, 3, 2, 6, 3, 7, 4, 3, 12, 4, 0, 9, 1, 9, 4, 4, 0, 12, 3, 3, 22, 13, 1, 11, 6, 11, 5,
7, 0, 10, 12, 6, 4, 3, 0, 6, 1, 5, 3, 5, 4, 0, 13, 1, 12, 1, 0, 8, 2, 5, 14, 0, 2, 3, 3, 21, 0, 22, 6, 1, 30, 3, 19, 5, 5, 5, 0,
0, 3, 2, 3, 0, 6, 0, 4, 6, 0, 24, 96, 1, 4, 4, 8, 9, 16, 4, 4, 0, 6, 1, 3, 1, 3, 4, 30, 78, 7, 5, 2, 6, 4, 7, 10, 30, 42, 8, 6,
2, 12, 14, 1, 18, 1, 84, 6, 72, 4, 6, 9, 64, 6, 108, 60, 1, 0, 0, 3, 6, 1, 66, 4, 10, 0, 54, 1, 2, 0, 26, 4, 14, 0, 9, 8, 6, 0,
3, 1, 1, 3, 2, 3, 8, 5, 3, 10, 7, 4, 2, 6, 2, 3, 0, 1, 1, 1, 0, 8, 2, 13, 5, 6, 2, 7, 2, 0, 2, 1, 2, 0, 6, 9, 8, 7, 9, 8, 7, 5,
1, 2, 4, 2, 0, 13, 2, 14, 9, 0, 3, 22, 7, 12, 0, 6, 5, 9, 2, 10, 1, 7, 1, 7, 3, 3, 6, 3, 16, 25, 26, 9, 3, 10, 16, 8, 6, 5, 6,
13, 9, 2, 6, 9, 7, 19, 3, 2, 3, 11, 6, 3, 1, 6, 2, 7, 15, 2, 2, 0, 1, 1, 1, 2, 1, 3, 17, 2, 7, 0, 2, 1, 16, 1, 4, 12, 12, 8, 4,
9, 6, 42, 5, 4, 3, 10, 17, 2, 5, 0, 25, 1, 9, 9, 15, 3, 5, 1, 0, 1, 2, 0, 0, 2, 0, 1, 10, 1, 4, 4, 2, 9, 2, 6, 3, 8, 4, 18, 2, 9,
12, 1, 30, 3, 18, 21, 22, 3, 0, 2, 7, 4, 10, 6, 6, 12, 15, 5, 12, 21, 12, 15, 1, 5, 6, 5, 4, 20, 24, 2, 12, 2, 3, 3, 8, 10, 8, 4,
3, 10, 9, 4, 5, 10, 16, 1, 4, 2, 11, 9, 2, 0, 8, 3, 2, 4, 2, 4, 9, 5, 13, 8, 4, 8, 0, 5, 2, 1, 2, 2, 0, 4, 2, 2, 0, 23, 5, 1, 3,
4, 5, 13, 2, 2, 2, 0, 2, 3, 3, 6, 3, 3, 6, 2, 12, 3, 4, 2, 7, 1, 4, 0, 2, 0, 7, 2, 6, 9, 30, 1, 5, 2, 12, 4, 24, 7, 20, 8, 11, 4,
15, 10, 5, 5, 1, 8, 5, 10, 4, 7, 1, 5, 4, 2, 4, 9, 6, 3, 50, 0, 14, 4, 0, 8, 8, 1, 12, 1, 14, 0, 8, 2, 3, 10, 2, 4, 5, 8, 4, 2,
5, 10, 5, 3, 26, 0, 21, 3, 16, 2, 4, 3, 18, 1, 8, 11, 6, 6, 3, 14, 3, 22, 1, 20, 6, 24, 0, 17, 10, 18, 2, 33, 9, 21, 1, 9, 3, 2,
33, 5, 6, 6, 4, 3, 20, 14, 26, 12, 26, 10, 14, 16, 10, 4, 10, 1, 16, 4, 10, 3, 88, 12, 0, 10, 2, 6, 2, 12, 10, 1, 66, 4, 24, 3,
22, 20, 30, 8, 5, 26, 15, 29, 5, 12, 9, 7, 16, 29, 8, 15, 36, 16, 0, 24, 3, 1, 23, 16, 2, 12, 2, 8, 9, 4, 9, 36, 7, 20, 2, 28, 3,
28, 7, 25, 6, 15, 1, 15, 2, 5, 3, 8, 2, 10, 3, 34, 6, 11, 24, 3, 12, 6, 12, 4, 24, 4, 26, 4, 6, 1, 27, 3, 30, 4, 102, 7, 98, 6,
19, 3, 27, 3, 33, 4, 24, 0, 21, 3, 24, 2, 3, 5, 6, 0, 8, 3, 7, 5, 2, 4, 0, 1, 0, 3, 5, 8, 4, 4, 8, 5, 2, 24, 20, 8, 8, 20, 24,
16, 16, 4, 17, 6, 9, 6, 3, 12, 4, 4, 7, 14, 6, 30, 22, 4, 6, 15, 7, 42, 5, 0, 9, 9, 2, 7, 9, 19, 10, 1, 7, 9, 2, 6, 5, 18, 11, 6,
11, 2, 3, 4, 2, 2, 4, 6, 1, 1, 6, 2, 16, 2, 10, 2, 4, 0, 4, 4, 1, 0, 1, 6, 3, 3, 5, 5, 5, 2, 3, 5, 3, 2, 3, 3, 4, 5, 0, 1, 1, 0,
3, 3, 8, 0, 2, 14, 1, 0, 6, 10, 12, 4, 4, 2, 3, 1, 2, 6, 0, 3, 1, 7, 0, 0, 0, 8, 2, 2, 0, 3, 0, 2, 1, 9, 5, 0, 4, 0, 2, 1, 1, 3,
1, 1, 7, 1, 1, 0, 0, 0, 2, 1, 2, 2, 1, 1, 0, 2, 4, 5, 6, 2, 1, 8, 5, 0, 0, 1, 2, 0, 2, 6, 8, 1, 10, 9, 12, 1, 2, 4, 2, 18, 12,
51, 18, 36, 12, 24, 29, 8, 2, 12, 20, 31, 33, 9, 18, 19, 12, 7, 2, 4, 5, 6, 8, 12, 2, 4, 0, 2, 10, 4, 26, 0, 10, 4, 32, 6, 8, 6,
16, 24, 17, 35, 30, 55, 21, 55, 35, 20, 15, 15, 45, 20, 70, 35, 25, 30, 40, 10, 45, 6, 2, 2, 6, 6, 4, 1, 1, 9, 3, 8, 1, 1, 4, 6,
3, 6, 2, 5, 7, 1, 5, 4, 3, 2, 2, 4, 1, 1, 0, 3, 2, 1, 0, 1, 0, 1, 9, 1, 1, 1, 0, 0, 11, 8, 35, 15, 2, 16, 25, 20, 25, 40, 15, 25,
40, 15, 5, 10, 10, 40, 20, 15, 5, 15, 3, 5, 4, 38, 5, 2, 8, 5, 1, 7, 1, 1, 3, 8, 5, 5, 6, 2, 4, 7, 4, 5, 9, 4, 1, 3, 4, 0, 0, 29,
5, 44, 13, 4, 12, 24, 15, 16, 24, 11, 14, 300, 80, 20, 20, 12, 5, 0, 3, 1, 3, 3, 5, 24, 32, 5, 22, 11, 26, 8, 24, 12, 12, 4, 13,
15, 9, 6, 14, 10, 18, 10, 22, 23, 18, 8, 11, 24, 6, 15, 5, 6, 18, 6, 9, 22, 10, 13, 7, 17, 5, 23, 15, 47, 14, 16, 2, 34, 13, 24,
4, 27, 14, 18, 17, 25, 11, 15, 8, 19, 19, 26, 12, 23, 12, 22, 9, 19, 15, 24, 33, 25, 18, 10, 8, 8, 14, 24, 23, 11, 19, 10, 29,
23, 11, 13, 42, 8, 5, 12, 28, 16, 18, 24, 18, 40, 14, 30, 13, 19, 4, 20, 9, 13, 17, 16, 7, 35, 7, 20, 5, 9, 27, 2, 10, 13, 8, 2,
4, 8, 20, 14, 1, 5, 9, 12, 9, 13, 4, 2, 13, 13, 9, 1, 7, 3, 6, 9, 11, 5, 16, 15, 17, 5, 14, 7, 9, 9, 6, 1, 3, 11, 7, 15, 14, 9,
10, 15, 30, 4, 4, 2, 8, 19, 18, 3, 18, 2, 16, 20, 20, 16, 0, 5, 4, 8, 4, 2, 2, 4, 0, 2, 0, 5, 7, 3, 16, 16, 5, 3, 9, 12, 4, 10,
8, 14, 2, 12, 16, 22, 70, 32, 30, 56, 12, 9, 11, 0, 7, 21, 1, 0, 13, 10, 0, 28, 5, 1, 13, 11, 8, 26, 14, 10, 2, 24, 22, 0, 0, 4,
11, 0, 4, 12, 9, 17, 12, 1, 0, 6, 1, 2, 3, 0, 2, 2, 2, 2, 7, 2, 5, 0, 3, 2, 1, 13, 2, 5, 2, 5, 0, 0, 1, 2, 10, 8, 0, 0, 2, 1, 10,
3, 2, 1, 2, 3, 5, 1, 0, 4, 6, 6, 1, 2, 6, 4, 2, 12, 4, 12, 4, 2, 5, 3, 1, 1, 5, 1, 2, 0, 7, 1, 2, 2, 4, 1, 3, 0, 10, 3, 9, 2, 16,
3, 0, 1, 10, 4, 6, 2, 4, 4, 7, 2, 2, 3, 8, 4, 1, 1, 1, 2, 5, 4, 0, 1, 3, 4, 5, 0, 1, 5, 2, 4, 1, 5, 1, 3, 1, 4, 3, 1, 3, 15, 1,
3, 0, 1, 1, 4, 3, 6, 7, 8, 14, 8, 4, 2, 6, 11, 4, 3, 16, 3, 1, 0, 2, 0, 4, 11, 5, 6, 16, 6, 8, 14, 14, 28, 10, 6, 0, 2, 2, 4, 0,
6, 8, 15, 16, 28, 3, 2, 11, 0, 5, 6, 4, 1, 4, 12, 5, 7, 3, 8, 4, 3, 2, 18, 0, 8, 3, 57, 0, 33, 3, 18, 3, 15, 2, 24, 0, 33, 1, 15,
12, 5, 27, 24, 1, 3, 4, 0, 6, 2, 4, 5, 2, 3, 8, 0, 2, 5, 3, 5, 4, 1, 2, 1, 2, 6, 5, 2, 13, 1, 1, 0, 2, 27, 2, 10, 12, 16, 4, 10,
0, 2, 0, 8, 0, 12, 4, 32, 12, 10, 18, 14, 5, 4, 1, 8, 4, 3, 8, 4, 13, 23, 0, 2, 0, 9, 12, 2, 3, 7, 0, 17, 5, 8, 7, 0, 10, 2, 2,
4, 6, 2, 4, 6, 10, 3, 0, 12, 2, 8, 6, 3, 3, 2, 4, 6, 4, 1, 5, 2, 3, 1, 3, 4, 2, 0, 6, 1, 2, 2, 0, 2, 0, 4, 2, 5, 1, 2, 4, 0, 1,
2, 0, 0, 0, 2, 12, 8, 3, 0, 28, 8, 3, 12, 28, 2, 24, 32, 7, 48, 5, 4, 2, 24, 6, 0, 0, 8, 0, 5, 4, 1, 4, 12, 20, 0, 2, 20, 16, 36,
4, 40, 1, 16, 0, 8, 0, 28, 0, 2, 2, 0, 0, 6, 1, 0, 1, 0, 1, 1, 0, 1, 3, 0, 4, 0, 0, 44, 3, 0, 4, 1, 1, 0, 0, 8, 8, 2, 4, 2, 1, 4,
2, 2, 3, 1, 0, 0, 3, 0, 0, 4, 0, 1, 2, 2, 2, 19, 6, 2, 9, 2, 3, 0, 2, 2, 0, 1, 11, 0, 5, 3, 0, 2, 15, 12, 1, 11, 6, 0, 2, 4, 6,
2, 9, 5, 3, 8, 1, 3, 1, 0, 9, 6, 2, 6, 2, 6, 2, 2, 2, 5, 0, 0, 21, 10, 9, 3, 3, 2, 3, 12, 19, 3, 5, 2, 0, 3, 0, 0, 5, 0, 5, 1, 3,
11, 1, 1, 8, 2, 2, 2, 5, 0, 1, 2, 0, 1, 2, 1, 3, 1, 0, 4, 7, 0, 0, 0, 1, 5, 0, 14, 0, 0, 2, 0, 0, 1, 0, 1, 3, 12, 5, 2, 10, 5, 6,
1, 0, 0, 2, 2, 0, 1, 0, 0, 2, 1, 2, 1, 1, 3, 6, 0, 2, 3, 7, 8, 4, 2, 2, 5, 2, 3, 3, 10, 0, 3, 2, 0, 0, 0, 2, 1, 0, 1, 2, 2, 0, 3,
3, 9, 2, 4, 1, 3, 3, 0, 6, 0, 4, 2, 3, 1, 3, 3, 0, 0, 1, 4, 2, 2, 4, 1, 6, 2, 0, 0, 1, 11, 2, 6, 0, 1, 1, 8, 3, 3, 1, 3, 8, 1, 2,
1, 2, 0, 8, 1, 3, 12, 3, 30, 1, 6, 15, 4, 3, 14, 0, 1, 6, 3, 33, 12, 4, 3, 5, 1, 0, 2, 5, 0, 3, 1, 4, 2, 1, 0, 4, 1, 0, 0, 2, 3,
3, 6, 6, 0, 0, 5, 5, 0, 0, 1, 4, 1, 0, 1, 5, 6, 4, 3, 1, 0, 2, 2, 2, 0, 4, 3, 4, 2, 0, 2, 1)
