marr_j <-
structure(c(27, 0, 0, 0, 0, 0, 0, 0, 0, 0, 0, 10, 33, 0, 0, 0, 
0, 0, 0, 0, 0, 0, 6, 12, 25, 0, 0, 0, 0, 0, 0, 0, 0, 2, 6, 13, 
32, 0, 0, 0, 0, 0, 0, 0, 0, 1, 1, 9, 22, 0, 0, 0, 0, 0, 0, 0, 
0, 0, 2, 14, 30, 0, 0, 0, 0, 0, 0, 1, 1, 1, 3, 8, 26, 0, 0, 0, 
0, 0, 0, 0, 0, 2, 9, 11, 30, 0, 0, 0, 0, 0, 0, 0, 0, 0, 0, 13, 
34, 0, 0, 0, 0, 0, 0, 0, 0, 2, 4, 8, 31, 0, 0, 0, 0, 0, 0, 0, 
0, 1, 4, 6, 0, 155, 147, 160, 156, 159, 153, 161, 152, 154, 163, 
200), .Dim = 11:12)
marr_a <-
structure(c(8, 0, 0, 0, 0, 0, 0, 0, 0, 0, 0, 3, 20, 0, 0, 0, 
0, 0, 0, 0, 0, 0, 2, 6, 27, 0, 0, 0, 0, 0, 0, 0, 0, 1, 1, 11, 
28, 0, 0, 0, 0, 0, 0, 0, 1, 1, 2, 15, 41, 0, 0, 0, 0, 0, 0, 0, 
0, 0, 7, 19, 38, 0, 0, 0, 0, 0, 0, 0, 1, 3, 3, 10, 48, 0, 0, 
0, 0, 0, 0, 0, 0, 1, 5, 14, 50, 0, 0, 0, 0, 0, 0, 0, 1, 0, 7, 
9, 50, 0, 0, 0, 0, 0, 0, 0, 0, 2, 5, 14, 49, 0, 0, 0, 0, 0, 0, 
1, 0, 2, 4, 14, 55, 15, 37, 55, 55, 59, 69, 69, 69, 84, 81, 90
), .Dim = 11:12)
n_occasions <-
12L
