T <-
200
x <-
c(2.0253545785249, -0.260970912683012, 0.220626544225687, -0.622927497937442, 
-0.598445985256795, -0.417844447999803, -0.507697275724876, -0.520249652217254, 
0.0762749699986766, -0.573184549335404, 1.25285173362482, 0.306185832766243, 
0.305172478683321, 0.512361936208636, 0.328285404619051, 1.52448586291779, 
-1.84869838199066, 0.613322155991644, 0.469250612295149, -0.287599881344167, 
1.14868642638391, -0.88518717123463, 0.249828252941195, -0.811822750063249, 
0.285486197402594, 0.866861532641727, -0.807141526547512, -1.84275149443942, 
0.786687861026657, -0.765805988438793, -1.04580086399529, -0.58867883309456, 
-0.92253646201271, 0.978175085416172, 1.0300711523147, 0.546694279999024, 
-0.300562274870066, -0.868253956554499, -0.143373198660934, 1.29227331257598, 
0.433954306556295, -0.743731270589279, -1.16898051064801, -0.522903865413803, 
-1.54712879793911, 1.11931037925902, -0.174569769222607, -0.374161208360729, 
-2.06851659148164, -1.08639390830214, -0.240737323130515, -1.61963359429454, 
1.22103607974697, -0.841539952442624, 0.188473953800366, 2.26089348738608, 
-0.694502065371619, -0.701053181967221, -0.099356234468044, 0.539478204687606, 
-0.490691540063452, 0.00705880143389949, 0.0995357394895396, 
0.350050509175315, -0.667665299796244, -2.02311851314464, -0.543275190316205, 
-0.597114878240032, 1.20275108791924, 0.612558057375586, 0.809308841172783, 
-0.363872897228072, 0.493440204845753, -1.11358575029247, -0.817683605786582, 
0.991517264316506, -1.22877785921947, 1.04530620940894, 1.80917999944641, 
0.399635239574742, 0.994688810927928, 0.373543143796836, -0.363448791233711, 
-0.856920966300521, -0.200416768906077, -0.227562293031266, 0.522526630683618, 
0.893544006624312, -0.324370751324867, -1.56694427288507, -1.03584650016867, 
0.131972784148745, 0.382700095181732, 1.3270968141744, 0.0096903885836177, 
-1.64516585354338, 0.670608247587659, 0.603131119441211, -0.924005319781567, 
1.7937878500379, 2.3728054724821, 0.0659571572842314, -1.40921732836777, 
-0.54527535454728, 0.642334936146628, 0.143758446323559, 0.398992094043075, 
1.11032597330268, 0.0382764833838835, 0.258079003443974, -1.33379840376209, 
1.88547050719783, -1.51320995704349, 0.146207468361678, -0.492130693052592, 
1.35656774709347, -0.374527571926412, -0.238919908205142, 1.93634757058507, 
1.17446003630035, 0.00886734837835531, -0.925010056350689, 0.772226629065591, 
1.06485708616701, -0.545562514953556, 0.165341404101302, -0.5087020495054, 
-0.33155663207407, -0.589642686691714, -0.656089607828423, 1.85355302658717, 
-0.336727014635791, 0.090710832462331, 1.390340824106, 0.30797608171767, 
1.67987546961622, -1.45664797014472, 2.63451831350228, -0.827180814147808, 
-0.52234737489321, 0.890346200615977, 1.28522141793327, -1.22856711982277, 
-0.353853106514865, -1.92884305559369, 1.14306130273455, -1.21029068431096, 
0.975291027817474, 1.03606402748363, -2.20721279383864, 0.109639704958742, 
-1.30693925742416, 0.254492601356651, 0.00864810554644581, 0.110105167090479, 
0.455465649011237, -0.475398002400294, -0.104261435688658, 0.569376532583347, 
-2.21957986316166, 0.62615640004388, -1.24258725067256, -1.58004946787563, 
0.379114941723486, -0.527735716926654, -0.208530325632754, -0.321918485774565, 
0.583266369538229, -1.37383978931909, -0.339340619045843, -0.477848584939527, 
-2.56385850628287, -2.24399440745301, 1.05611681894538, 0.511583439212316, 
0.605075644897722, -1.73751926234385, -0.407502232447943, -1.65946818275338, 
-0.00100777969948825, 1.75781182368954, 1.16872418205737, -0.449035867610986, 
0.289432360133291, -0.492693866196822, -0.440030619402766, 0.505232042559528, 
2.08953528683506, -0.510688512996466, -0.342488026502886, 0.0122705222814466, 
-0.460044798207122, -0.533795802792744, 2.4166114582498, -1.22144078478212, 
0.789386258963, 0.106652240800861, -1.8241736918379, -0.846746301140287, 
0.527031809453292)
alpha <-
-1.25
beta <-
0.75
lambda <-
0.6
sigma <-
0.5
y <-
c(0.00975288339230795, -1.34081439465482, -1.92243023609817, 
-2.47559722100608, -4.02834271703058, -4.03432638838035, -4.57858621859042, 
-5.66374325895471, -4.6155083111407, -5.00609839905787, -3.12229481480206, 
-2.67787917844103, -3.25184507163507, -3.40744763007264, -2.73441360093296, 
-1.94535363540103, -4.022130309811, -3.54107222374849, -3.0643127536875, 
-3.72178469659575, -1.9173774351098, -3.76241098120216, -2.70503799697437, 
-3.37834821485346, -2.99380597506168, -2.61406008920892, -3.04769987237611, 
-4.31986731685474, -3.11795791005129, -3.24801673865865, -3.42349685840255, 
-3.86458547844921, -4.4849901304462, -3.46351695233998, -2.49507118721339, 
-2.12109442551838, -2.90320401475042, -4.48180676484021, -3.59399981860775, 
-1.66981616041584, -1.36644695574846, -2.74142027797203, -3.16812096422831, 
-4.08239709337967, -4.60155193872716, -3.11516938592394, -2.9423018464107, 
-3.22676167429743, -4.81042225682313, -5.41366217720782, -4.50872790339587, 
-5.42781247686683, -4.45077551578337, -4.17465831027585, -3.92767980570757, 
-1.57194500891141, -2.23126274286231, -3.0594634394603, -3.2648671209265, 
-2.7448808051883, -3.31762312289745, -3.22428318803525, -2.93663340216006, 
-2.19207199485292, -4.31061262615039, -5.36766378024832, -4.70588710077776, 
-4.43281653784166, -2.8043699769515, -2.48520303523207, -1.80186720696742, 
-3.10988595245367, -2.35248493499726, -3.03404178230804, -3.26654271001618, 
-2.97599533713509, -3.88281848946095, -1.58687766642331, -1.39515581718697, 
-2.11015400491044, -1.52053967430077, -1.64032836992012, -1.88421748603884, 
-2.58266554616322, -2.61407108484473, -2.46198933128193, -2.27070868250906, 
-1.60410422137247, -2.22520786343797, -3.24990265540724, -4.03734263239845, 
-4.54652628131792, -2.81535124777158, -1.52498645703246, -2.39523049215029, 
-3.42542117944934, -2.12183049942127, -1.69940677542915, -2.72911027459418, 
-1.42410060882478, -0.0529557758081997, -1.56557992433108, -2.71591938429495, 
-3.28078812395739, -2.28315020441496, -2.36818861474037, -2.5684601414136, 
-1.21082174433666, -2.32325119405032, -2.66819660926743, -4.35052669834842, 
-3.14179984203103, -4.86371082711859, -4.2101924155073, -4.01168240830438, 
-2.34874214303852, -3.03468254685735, -3.30361904197249, -1.04710413304882, 
-1.37447764499363, -2.13804715610671, -3.31350161814013, -2.89793995042861, 
-2.54521110470815, -2.69991187698366, -2.42764394610594, -2.98195427036746, 
-3.33172122434686, -2.9502024310982, -3.27398275402706, -1.78401487275148, 
-2.48839897820471, -2.65115831360846, -2.67914939253847, -2.59260120622395, 
-1.70897621170653, -3.73415870538476, -1.73344998862148, -2.82103437897524, 
-3.63378647361064, -2.70083973032956, -2.90085269143686, -2.71968820716019, 
-2.79209746022678, -4.85384519150478, -2.82955567930485, -3.91349497313945, 
-2.60898546077601, -2.02610854480929, -4.73011897091413, -3.23298002200651, 
-4.52129347018818, -4.11052724365424, -3.92865441370693, -2.91742488710747, 
-2.84472339890086, -3.98372078469209, -3.41215751035987, -3.42155817859016, 
-5.49586138579606, -4.13640468835912, -5.07995417477558, -5.7587480770937, 
-4.30582526952968, -4.44278852170062, -4.07674255631457, -4.42438289438416, 
-4.07604237643314, -4.40907825116215, -4.09972980475257, -4.46124576120729, 
-5.40846884121133, -5.80855573270869, -4.25831869390119, -2.6402976313897, 
-2.58470589406291, -3.93290986387392, -4.45426265055632, -5.38861125621107, 
-4.28561916850894, -2.83048415878325, -2.58767529648214, -2.82011960342249, 
-3.32054166351205, -3.00347962362276, -3.60029659503197, -3.2463272630332, 
-1.68229941620181, -1.82155022612612, -2.3688943207407, -2.6706993609962, 
-2.28353441818517, -3.31129230203246, -1.33998582479448, -3.20688035774461, 
-1.73469193843786, -1.47361208502085, -4.23098761382743, -4.87828706996905, 
-3.72817657853586)
