beta <- 
structure(c(2.99161541355596, -0.508464323303381, -0.611265719461606, -0.339553041806994, -0.101346102741956, -0.502940853917102, -0.269276655359674,
1.89675523482982, -0.461534211409572, -1.01843682054671, -0.135559750248502, -1.1466043052838, 0.482714977335849, 0.699382159518819, -1.2734538872576,
-0.0987664701349408, 0.471340972407411, 0.322348785235151, -0.134132455735565, 0.895033377044895, -0.4967139375772, -0.450812384403927, -0.978785238969202,
0.85636725139039),
.Dim = c(3, 8))
