y <-
structure(c(0L, 3L, 1L, 1L, 1L, 0L, 1L, 1L, 0L, 0L, 0L, 0L, 1L, 
0L, 1L, 0L, 1L, 1L, 1L, 0L, 1L, 0L, 0L, 1L, 1L, 0L, 1L, 0L, 1L, 
1L, 0L, 1L, 3L, 2L, 0L, 2L, 0L, 1L, 0L, 0L, 1L, 1L, 3L, 0L, 3L, 
0L, 1L, 0L, 0L, 0L, 1L, 0L, 1L, 1L, 0L, 4L, 0L, 1L, 2L, 1L, 1L, 
0L, 5L, 2L, 0L, 1L, 0L, 0L, 1L, 1L, 1L, 1L, 0L, 0L, 1L, 4L, 1L, 
2L, 1L, 0L, 1L, 2L, 0L, 1L, 2L, 0L, 0L, 2L, 1L, 0L, 0L, 1L, 0L, 
0L, 1L, 2L, 1L, 1L, 0L, 0L, 2L, 1L, 2L, 0L, 2L, 2L, 2L, 0L, 1L, 
0L, 3L, 1L, 2L, 0L, 0L, 1L, 1L, 1L, 2L, 1L, 1L, 2L, 2L, 3L, 2L, 
1L, 0L, 0L, 1L, 1L, 2L, 1L, 4L, 0L, 0L, 2L, 3L, 0L, 0L, 1L, 1L, 
2L, 1L, 1L, 0L, 2L, 0L, 2L, 2L, 0L, 0L, 2L, 0L, 0L, 1L, 2L, 1L, 
0L, 1L, 0L, 0L, 1L, 0L, 0L, 1L, 2L, 3L, 4L, 2L, 0L, 1L, 0L, 1L, 
0L, 4L, 0L, 0L, 1L, 0L, 1L, 0L, 0L, 0L, 1L, 1L, 0L, 1L, 1L, 1L, 
0L, 0L, 3L, 1L, 0L, 0L, 1L, 1L, 5L, 1L, 1L, 0L, 0L, 2L, 0L, 1L, 
0L, 1L, 1L, 0L, 0L, 0L, 2L, 1L, 1L, 0L, 2L, 0L, 1L, 1L, 0L, 0L, 
1L, 0L, 1L, 1L, 0L, 1L, 0L, 1L, 2L, 0L, 1L, 0L, 1L, 1L, 4L, 3L, 
2L, 1L, 0L, 1L, 2L, 3L, 1L, 2L, 0L, 1L, 0L, 1L, 1L, 1L, 1L, 2L, 
0L, 2L, 3L, 2L, 2L, 0L, 1L, 2L, 2L, 3L, 1L, 0L, 0L, 1L, 2L, 0L, 
1L, 0L, 2L, 0L, 0L, 1L, 3L, 2L, 1L, 0L, 1L, 1L, 2L, 0L, 0L, 3L, 
0L, 0L, 1L, 1L, 0L, 1L, 0L, 0L, 0L, 1L, 1L, 0L, 1L, 0L, 0L, 0L, 
1L, 1L, 3L, 2L, 1L, 2L, 1L, 0L, 1L, 2L, 0L, 1L, 0L, 0L, 1L, 1L, 
1L, 1L, 2L, 1L, 0L, 2L, 3L, 1L, 1L, 2L, 1L, 2L, 1L, 2L, 1L, 2L, 
0L, 0L, 2L, 1L, 1L, 3L, 1L, 0L, 1L, 1L, 2L, 0L, 1L, 2L, 2L, 1L, 
0L, 1L, 0L, 0L, 0L, 1L, 2L, 2L, 0L, 2L, 0L, 1L, 2L, 0L, 0L, 1L, 
1L, 2L, 3L, 0L, 1L, 2L, 0L, 0L, 3L, 2L, 0L, 1L, 0L, 0L, 2L, 1L, 
1L, 0L, 0L, 1L, 1L, 2L, 0L, 3L, 1L, 0L, 1L, 2L, 0L, 1L, 0L, 1L, 
4L, 0L, 0L, 0L, 2L, 1L, 0L, 0L, 0L, 0L, 1L, 0L, 0L, 1L, 2L, 0L, 
0L, 1L, 0L, 2L, 0L, 0L, 0L, 0L, 2L, 0L, 2L, 1L, 0L, 0L, 0L, 1L, 
2L, 1L, 3L, 0L, 1L, 1L, 2L, 1L, 2L, 1L, 0L, 0L, 1L, 3L, 1L, 0L, 
0L, 0L, 0L, 0L, 2L, 0L, 0L, 1L, 0L, 2L, 4L, 2L, 1L, 1L, 2L, 2L, 
0L, 5L, 1L, 1L, 0L, 1L, 0L, 1L, 3L, 1L, 2L, 2L, 0L, 0L, 3L, 1L, 
2L, 0L, 2L, 1L, 2L, 0L, 0L, 1L, 0L, 0L, 1L, 1L, 0L, 2L, 0L, 0L, 
0L, 1L, 1L, 2L, 0L, 1L, 1L, 2L, 2L, 1L, 3L, 2L, 2L, 4L, 1L, 0L, 
2L, 2L, 0L, 3L, 0L, 0L, 0L, 0L, 1L, 2L, 2L, 1L, 0L, 2L, 2L, 1L, 
1L, 2L, 1L, 1L, 1L, 1L, 0L, 2L, 0L, 0L, 1L, 2L, 1L, 2L, 2L, 1L, 
3L, 1L, 2L, 0L, 0L, 1L, 2L, 0L, 0L, 1L, 1L, 0L, 0L, 0L, 1L, 0L, 
0L, 1L, 1L, 1L, 1L, 0L, 0L, 1L, 1L, 3L, 3L, 0L, 0L, 1L, 1L, 0L, 
0L, 3L, 1L, 0L, 0L, 0L, 1L, 1L, 1L, 0L, 1L, 2L, 0L, 0L, 1L, 1L, 
1L, 1L, 2L, 1L, 0L, 1L, 1L, 1L, 3L, 0L, 1L), .Dim = c(200L, 3L
))
R <-
200L
T <-
3L
