y <-
structure(c(1L, 0L, 0L, 0L, 1L, 0L, 0L, 0L, 0L, 0L, 0L, 0L, 0L, 
0L, 0L, 0L, 0L, 0L, 1L, 0L, 0L, 0L, 0L, 0L, 0L, 0L, 1L, 0L, 0L, 
0L, 0L, 0L, 0L, 0L, 0L, 0L, 0L, 0L, 1L, 1L, 0L, 0L, 1L, 0L, 1L, 
0L, 0L, 2L, 0L, 1L, 2L, 0L, 0L, 0L, 3L, 2L, 0L, 4L, 1L, 0L, 2L, 
0L, 1L, 0L, 0L, 0L, 2L, 3L, 1L, 1L, 1L, 0L, 2L, 1L, 0L, 1L, 0L, 
0L, 2L, 0L, 2L, 0L, 0L, 1L, 3L, 1L, 4L, 1L, 0L, 2L, 0L, 3L, 0L, 
2L, 1L, 0L, 1L, 1L, 0L, 1L, 2L, 2L, 1L, 2L, 0L, 4L, 1L, 2L, 3L, 
1L, 1L, 3L, 1L, 0L, 0L, 1L, 2L, 0L, 1L, 3L, 0L, 0L, 4L, 1L, 0L, 
1L, 0L, 0L, 1L, 0L, 1L, 1L, 1L, 1L, 1L, 1L, 0L, 3L, 2L, 0L, 0L, 
1L, 2L, 0L, 2L, 1L, 1L, 0L, 2L, 0L, 0L, 0L, 0L, 1L, 2L, 1L, 0L, 
0L, 3L, 0L, 2L, 0L, 0L, 0L, 2L, 1L, 1L, 0L, 0L, 0L, 1L, 1L, 1L, 
1L, 0L, 1L, 0L, 0L, 0L, 1L, 1L, 0L, 0L, 0L, 1L, 1L, 0L, 0L, 0L, 
0L, 0L, 0L, 0L, 0L, 2L, 2L, 1L, 0L, 0L, 1L, 1L, 0L, 0L, 0L, 1L, 
0L, 0L, 0L, 0L, 0L, 0L, 0L, 0L, 0L, 0L, 0L, 0L, 0L, 0L, 0L, 0L, 
0L, 0L, 0L, 0L, 0L, 1L, 0L, 0L, 0L, 0L, 0L, 0L, 0L, 0L, 0L, 0L, 
0L, 1L, 1L, 0L, 0L, 1L, 0L, 1L, 1L, 0L, 1L, 0L, 1L, 2L, 0L, 0L, 
0L, 2L, 2L, 0L, 4L, 1L, 0L, 2L, 0L, 1L, 0L, 0L, 0L, 2L, 2L, 1L, 
1L, 2L, 0L, 2L, 1L, 2L, 1L, 0L, 0L, 2L, 0L, 3L, 0L, 1L, 1L, 3L, 
0L, 3L, 1L, 0L, 2L, 0L, 2L, 0L, 2L, 1L, 0L, 0L, 0L, 0L, 1L, 0L, 
3L, 3L, 1L, 2L, 2L, 0L, 2L, 2L, 2L, 3L, 0L, 2L, 0L, 0L, 1L, 2L, 
1L, 1L, 3L, 0L, 1L, 2L, 0L, 0L, 1L, 2L, 2L, 2L, 2L, 3L, 1L, 1L, 
0L, 0L, 1L, 1L, 0L, 0L, 3L, 1L, 1L, 1L, 0L, 1L, 1L, 1L, 2L, 1L, 
0L, 1L, 2L, 1L, 0L, 0L, 0L, 1L, 0L, 0L, 1L, 2L, 0L, 0L, 0L, 1L, 
1L, 3L, 1L, 2L, 1L, 0L, 0L, 1L, 0L, 1L, 1L, 1L, 1L, 1L, 1L, 1L, 
0L, 0L, 1L, 2L, 1L, 1L, 3L, 0L, 1L, 0L, 1L, 0L, 1L, 2L, 0L, 1L, 
0L, 0L, 0L, 1L, 0L, 0L, 0L, 1L, 0L, 0L, 0L, 0L, 0L, 0L, 0L, 0L, 
0L, 0L, 0L, 0L, 0L, 1L, 0L, 0L, 0L, 0L, 0L, 0L, 0L, 1L, 0L, 0L, 
0L, 0L, 0L, 0L, 0L, 0L, 0L, 0L, 0L, 0L, 1L, 0L, 0L, 1L, 0L, 1L, 
1L, 0L, 1L, 0L, 0L, 2L, 0L, 0L, 0L, 3L, 2L, 0L, 4L, 1L, 0L, 1L, 
0L, 1L, 0L, 0L, 0L, 1L, 3L, 1L, 2L, 2L, 0L, 0L, 1L, 1L, 2L, 0L, 
1L, 2L, 0L, 1L, 0L, 1L, 0L, 4L, 1L, 1L, 1L, 0L, 2L, 1L, 2L, 0L, 
2L, 1L, 1L, 0L, 3L, 0L, 2L, 0L, 2L, 2L, 1L, 1L, 2L, 1L, 1L, 1L, 
2L, 1L, 2L, 3L, 0L, 1L, 2L, 3L, 3L, 0L, 2L, 1L, 1L, 0L, 0L, 1L, 
0L, 2L, 2L, 1L, 0L, 1L, 1L, 2L, 2L, 1L, 2L, 1L, 0L, 0L, 1L, 0L, 
1L, 1L, 1L, 1L, 0L, 1L, 1L, 0L, 0L, 1L, 0L, 0L, 1L, 0L, 1L, 1L, 
1L, 1L, 1L, 1L, 0L, 1L, 2L, 1L, 0L, 0L, 0L, 0L, 0L, 0L, 0L, 1L, 
1L, 0L, 0L, 0L, 1L, 1L, 0L, 0L, 0L, 2L, 2L, 1L, 1L, 1L, 1L, 1L, 
0L, 1L, 1L, 0L, 0L, 1L, 2L, 1L, 0L, 0L, 0L), .Dim = c(200L, 3L
))
R <-
200L
T <-
3L
X <-
c(-0.983350346796215, -0.968386208172888, -0.954244513064623, 
-0.93220875505358, -0.908231757581234, -0.903120431583375, -0.88942760322243, 
-0.867001523729414, -0.861278168391436, -0.833314306102693, -0.833057586103678, 
-0.811245585326105, -0.809944162145257, -0.804293920751661, -0.797357691451907, 
-0.796437312848866, -0.796290482860059, -0.774602124933153, -0.752315931487828, 
-0.724750277586281, -0.715602162759751, -0.706690921448171, -0.694752322044224, 
-0.691205652430654, -0.686208860017359, -0.684838819783181, -0.680819096975029, 
-0.675215663854033, -0.671457219868898, -0.664652338251472, -0.661303753498942, 
-0.652629242278636, -0.642429991625249, -0.622826146427542, -0.60946463001892, 
-0.604700809344649, -0.571028609294444, -0.564353913534433, -0.56326566496864, 
-0.561626478098333, -0.51823353767395, -0.516832713969052, -0.514462775085121, 
-0.512780454941094, -0.499932211823761, -0.482838618569076, -0.480516936164349, 
-0.475730501115322, -0.473813580349088, -0.470163244754076, -0.464112814050168, 
-0.461236247327179, -0.436981805600226, -0.419845756143332, -0.412104924209416, 
-0.411512165796012, -0.406282133422792, -0.400695284362882, -0.377704122569412, 
-0.372423928696662, -0.36842597136274, -0.355976951308548, -0.332372652366757, 
-0.312568198889494, -0.298984786961228, -0.290447186678648, -0.276973818428814, 
-0.275065104477108, -0.267866800073534, -0.267118168529123, -0.265770399011672, 
-0.256534234154969, -0.247503089252859, -0.242300869431347, -0.238375632558018, 
-0.237697993405163, -0.232627423480153, -0.230711079668254, -0.2177401073277, 
-0.214605605695397, -0.210827121511102, -0.197442596778274, -0.188904965762049, 
-0.175456486642361, -0.160169538576156, -0.157819910906255, -0.148047165945172, 
-0.144825048279017, -0.141252316534519, -0.140275179874152, -0.130672360770404, 
-0.121331367176026, -0.121141349896789, -0.0897082719020545, 
-0.0847856975160539, -0.0822834302671254, -0.0340473055839539, 
-0.0186523776501417, -0.00971759483218193, -0.00375828007236123, 
0.00339740933850408, 0.00953590357676148, 0.0205112774856389, 
0.0294274128973484, 0.0596246863715351, 0.0609550196677446, 0.081415094435215, 
0.0836116787977517, 0.102850088384002, 0.104321661405265, 0.111720165703446, 
0.115920638199896, 0.138066116254777, 0.148289828561246, 0.150689197238535, 
0.156273337081075, 0.164302930701524, 0.172347461339086, 0.1769636599347, 
0.189357087016106, 0.197660180274397, 0.216517954599112, 0.246634334791452, 
0.266529216431081, 0.281170048285276, 0.282696325331926, 0.283330731093884, 
0.293416437227279, 0.294816457200795, 0.301939798053354, 0.310380766168237, 
0.315659043379128, 0.316589311230928, 0.331359659787267, 0.339638591744006, 
0.346904424484819, 0.348933624103665, 0.35220477450639, 0.38782284874469, 
0.394673367030919, 0.399256768636405, 0.40355713898316, 0.410285466350615, 
0.419660932384431, 0.420624156948179, 0.429543003439903, 0.43416193453595, 
0.43682677205652, 0.455166179221123, 0.499676713254303, 0.504053439944983, 
0.515660307835788, 0.527867464814335, 0.535497717559338, 0.537448609247804, 
0.549436373636127, 0.575190626550466, 0.575672694947571, 0.580379280727357, 
0.595902145374566, 0.602887909859419, 0.607874114532024, 0.627761118579656, 
0.628126509021968, 0.630364716984332, 0.630579512100667, 0.631129984743893, 
0.635550397448242, 0.637922968715429, 0.64789796853438, 0.668511608615518, 
0.679981851950288, 0.680232564453036, 0.682110668160021, 0.687404477968812, 
0.688451974652708, 0.69872496696189, 0.721034613903612, 0.734595997724682, 
0.736588519532233, 0.74781633913517, 0.755593945272267, 0.755684648174793, 
0.755764723289758, 0.765512773767114, 0.768154196441174, 0.778996827080846, 
0.786529791541398, 0.849666372407228, 0.882175089325756, 0.884326379746199, 
0.885243464726955, 0.906035063788295, 0.9066410548985, 0.94253091653809, 
0.949311230331659, 0.955271781887859, 0.956651335116476, 0.961737886071205, 
0.997527766507119)
