x <- 
c(2, 3, 4, 5, 6, 7, 8, 9, 10, 11, 12, 13, 14, 15, 16, 17, 18, 19, 20)
y <- 
c(1346, 577, 337, 208, 149, 136, 111, 69, 67, 75, 52, 46, 54, 28, 27, 31, 33, 20, 24)
n <- 
c(1443, 694, 455, 353, 272, 256, 240, 217, 200, 237, 202, 192, 174, 167, 201, 195, 191, 147, 152)
J <- 19
r <- 0.07
R <- 0.177083333333333
