J <- 2
n <- c(4, 3)
x <- c(4.98911472926553, 6.3344079550739476)
y <- c(3, 2)
r <- 5.1265750792953506
R <- 2.4549449239199386
