T <-
1000
I <-
4
K <-
2
X <-
structure(c(11.9160586565786, 11.1662956267545, 2.76286239975137, 
2.90483503820496, 4.51530061391971, 2.98080372545185, 15.2597423435523, 
5.67881726270587, 18.4824391827294, 8.27684203384051, 8.790585843981, 
11.5405088202929, 30.4029191349364, 15.7614755194945, 13.0290424670501, 
5.25861048027519, 34.8203497554309, 14.3495406216633, 4.56742515033907, 
18.585626868001, 42.0813141908686, 9.30563859181208, 10.2413053766732, 
11.9564563015487, 25.6677820318391, 20.5843392201782, 5.2021135734677, 
3.50569727718206, 7.24955912476511, 4.73433289525837, 20.4152764862268, 
7.01871331935117, 4.14995111131244, 7.77236934506511, 27.2330741164073, 
9.71517562305109, 5.46440088406202, 3.4444070382384, 17.1795046590128, 
8.03294316312779, 19.4072527967348, 4.70285568916031, 8.73355812400485, 
8.40611752276295, 14.7947486857843, 65.1549379506489, 8.86740273426373, 
10.0906273733867, 29.1206119759084, 59.2051750774643, 9.90405512512654, 
6.8381681128917, 17.8542280325282, 30.0164465094067, 2.58308929538487, 
3.95930399888612, 3.2037695536017, 5.0176267196603, 5.16603727002537, 
21.5019018008293, 13.949745040137, 13.3267710274494, 6.16569554875335, 
37.91861200047, 50.2097862222762, 2.85734009037651, 11.2132063470058, 
4.96861052603894, 9.52877657113257, 6.39723108226258, 6.95570378016854, 
12.5016839576, 3.84899562050971, 5.67748665159114, 11.0323108983164, 
7.31731882984358, 4.98911446693178, 7.2738873499996, 23.9721814732723, 
3.11001910207248, 8.45402059335216, 3.88733427243208, 9.05596787703804, 
11.3858250633093, 11.3454022446909, 3.24887813863378, 6.08361369486241, 
3.94169654038723, 27.328433073372, 4.95548343688623, 7.76601829578026, 
11.1120617997641, 7.5664525350608, 17.3234708570154, 9.04846175420948, 
3.75739879288467, 9.08594077951849, 13.631734205807, 5.50358948795468, 
34.6278940027914, 11.0534054547338, 65.4770922146981, 13.8088551577391, 
7.93044825051529, 12.3864024885615, 13.961294912857, 8.52476325450408, 
8.42139410158357, 4.04472443038712, 2.97495319399266, 6.15698485688719, 
7.8954548966948, 20.9142329388548, 5.52608620746739, 11.7584323017175, 
6.55393601738178, 9.74294283092451, 8.79337308603012, 7.970005316873, 
4.73576863211414, 5.94387487732505, 18.1971322645681, 13.6228437325836, 
6.8579831083701, 8.73739404046919, 4.95207170289703, 15.8959193786927, 
7.97897783935742, 15.6469200524605, 8.06418876913708, 4.67919402667768, 
9.00617000983769, 7.6068701109456, 12.6824082845609, 15.5135782184282, 
8.36847996915349, 8.34344841387239, 3.26195824356024, 12.2158654307352, 
13.6090805187347, 16.4902032096731, 48.1385135708961, 5.92555104484229, 
6.45989067183412, 14.3759718252543, 3.13867040916981, 4.89693017835222, 
15.3680197900318, 11.7997351514757, 5.1044332833079, 4.74082293415305, 
9.57965761412185, 18.2680103701393, 20.316894161717, 7.40005235034857, 
11.0266843062937, 6.99951686042217, 11.749994385811, 15.2367767824726, 
6.84304941806478, 4.23366984494591, 7.38132392940849, 4.66434197990042, 
11.398915539698, 18.5745681799917, 13.9151119366236, 19.0489169690246, 
13.143346962575, 23.2493383609726, 7.42564053111957, 42.2755184630635, 
15.7197414582201, 5.67032026093472, 12.6795795923717, 11.0786364969334, 
6.66446109778457, 19.5924018195414, 7.44354360394386, 10.7208757771815, 
6.91538983713472, 26.0113513753545, 25.0991171626802, 10.6843085126915, 
4.0884478842014, 8.43695752186184, 5.62668709164776, 11.8326660398598, 
15.3504000642843, 30.6489132763394, 16.6583787905559, 7.93918290090229, 
6.64433708217619, 3.76700262763156, 19.0846547205123, 9.93418544417172, 
19.797874846611, 7.53969120063429, 5.5080190598745, 3.17900863578732, 
3.9008525126883, 7.08810585059235, 4.92953510061104, 3.85113410408892, 
3.34956256527032, 14.6850944756484, 19.153094886936, 4.43120652302015, 
9.23414969474114, 1.85244554692014, 3.03973418754529, 7.11607547167805, 
27.4735152662201, 17.8378122212546, 22.047435968175, 22.2253531762486, 
4.50460448563015, 8.16098079561592, 30.5645559444277, 16.5984324371246, 
3.05120677706053, 7.88506082728902, 15.4273042857574, 11.9795292231377, 
18.6487721860925, 6.52905558798216, 9.4286414684878, 4.27616087648307, 
7.46981195587561, 22.57540746558, 7.55953330056533, 27.0600372680753, 
22.551857464776, 31.3937053762535, 6.00819141451273, 3.72928892185353, 
13.5410626221705, 4.10789968645634, 4.13929358013797, 16.8162026890814, 
9.32484550452238, 6.01003758701426, 8.20555069385299, 141.155939629167, 
8.51481614441189, 3.97257824096669, 40.0610213013591, 5.04849451978222, 
43.8796980226269, 7.72409958771259, 5.03916043629946, 9.28437028060906, 
5.10904506338222, 8.52038545178875, 6.40129643742279, 9.03470873403987, 
1.81278643355565, 10.100120537754, 11.6789475600748, 9.10856672236863, 
5.08421848896706, 66.0717801944367, 9.45361509509769, 14.2691793441842, 
28.235709892532, 18.6331931259551, 8.45060358309455, 26.3950910928045, 
3.79260332755399, 49.500988132364, 31.8580861266999, 4.2681535939164, 
64.405468459981, 35.1566316857566, 9.94054989834796, 24.7245903325881, 
15.8145871240264, 8.18133549118179, 13.2153330499535, 10.6394625779414, 
7.9354073411938, 5.38830735255287, 11.1819358360192, 4.25006561515698, 
3.74531968765656, 23.3530508245969, 11.2055382265345, 8.33613241238577, 
8.12286145018432, 9.32800482781325, 9.596041065252, 12.1543077272846, 
13.9657404676071, 8.98883464957962, 2.49637118424896, 15.7860170070243, 
21.7019085039845, 14.6310751488139, 24.9545701200283, 15.7756065731265, 
20.5995035032711, 3.99089564936374, 6.32067593977019, 22.8010133010478, 
6.97649194955507, 11.4731745497386, 11.2652476680882, 17.8407707793763, 
5.85323400075065, 16.3893814687536, 17.6913564365197, 9.20160836183763, 
7.83504857372779, 26.096321582596, 7.25576809282921, 17.1974802329795, 
10.4762419784039, 28.5513896707692, 4.5500863091677, 7.4350818446727, 
9.53131556832317, 9.14704997798242, 30.6969443993545, 3.49844089510003, 
14.793883189156, 6.80578178098609, 16.2959448098505, 6.24559904432796, 
6.71713677254129, 11.2351935957965, 9.78094481567196, 22.0692301671331, 
6.48309914250932, 5.19723824142394, 9.88082534146984, 11.9030134617395, 
6.99280941811872, 10.880099332265, 10.9904484249105, 19.0418852903504, 
15.5645961675172, 2.69207461750334, 14.9824958418238, 5.52895911960549, 
7.72944633784552, 5.93273067920717, 13.2768633686553, 3.21397842646795, 
4.41194140821157, 16.3679325188087, 8.28510312155235, 12.8932090417176, 
6.07122504141097, 5.15353717917316, 5.25370326837331, 14.4394965670456, 
13.00728362661, 22.0104193011907, 8.25743122477719, 4.13328941309763, 
7.6938866732252, 2.89640839344365, 7.10644746142663, 7.86533958065785, 
16.3907798286066, 9.69231801957081, 12.6068144478637, 14.8941028913797, 
5.32799528520435, 8.67450624218799, 23.9374232038953, 22.2485728518573, 
5.55233703563551, 25.4877039742347, 4.5501286832511, 2.8952787855916, 
72.6804719639566, 5.35852472166962, 7.11037995669393, 11.2585476370076, 
8.02863764372053, 12.454764668672, 4.77548533279272, 18.6688445003325, 
22.2178813145928, 2.40182730729908, 7.00826759357641, 7.36264538868462, 
26.2707127505524, 25.0689271885297, 5.06004920462088, 8.31456451199143, 
2.86650566032101, 2.01747280753143, 4.05436388131373, 5.49230446162986, 
4.64788589077012, 6.31141284639206, 10.8725821708998, 18.2077394802675, 
9.3598707047063, 9.99744831246109, 16.3881582924629, 13.6007721122591, 
6.22788193672811, 6.5246678325592, 5.51652857119697, 19.791852932911, 
7.94531481637291, 10.2279332801413, 5.90547661035302, 3.4149378400241, 
4.45383117626139, 32.6554955729952, 7.34487582028099, 71.1739475964252, 
4.77916952731475, 4.1929664491783, 21.2670055446568, 5.1460283976406, 
14.4910704096047, 5.97099260658321, 10.4816835218761, 20.5210643922699, 
24.1162391609868, 25.0521463676683, 13.6195259164163, 4.14652410957063, 
4.45364438023608, 5.73185283466297, 7.39663554046877, 2.38729676875589, 
15.54386503826, 7.56273405368703, 12.0138210342141, 9.29711053561804, 
4.84479610573598, 17.6992153917685, 2.39651853516786, 3.34721042901404, 
