N <- 2
R <- 3
D <- 2
x <- structure(c(4.98911472926553, 6.3344079550739476, 5.93334017268872, 5.1265750792953506), .Dim=c(2, 2))
y <- structure(c(1, 0, 1, 0, 1, 0), .Dim=c(2, 3))
