addl <- 
c(0, 0, 0, 0, 0, 0, 0, 0, 0, 0, 0, 0, 0, 0, 0, 0, 0, 0)
amt <- 
c(5000, 0, 0, 0, 0, 0, 0, 0, 0, 0, 0, 0, 0, 0, 0, 0, 0, 0)
cmt <- 
c(1, 2, 2, 2, 2, 2, 2, 2, 2, 2, 2, 2, 2, 2, 2, 2, 2, 2)
cObs <- 
c(58.891164810447, 87.0539342058035, 143.399786430149, 109.174923485329,
106.763155067363, 138.506822514341, 115.118398421817, 137.426006528606, 42.9064368754966,
31.2976270779374, 23.7382714179703, 19.8974330050633, 19.8173632358696, 18.7906537367428,
12.3940601101757, 14.5289701931422, 11.172011904164)
evid <- 
c(1, 0, 0, 0, 0, 0, 0, 0, 0, 0, 0, 0, 0, 0, 0, 0, 0, 0)
ii <- 
c(0, 0, 0, 0, 0, 0, 0, 0, 0, 0, 0, 0, 0, 0, 0, 0, 0, 0)
iObs <- 
c(2, 3, 4, 5, 6, 7, 8, 9, 10, 11, 12, 13, 14, 15, 16, 17, 18)
nObs <- 17
nt <- 18
rate <- 
c(0, 0, 0, 0, 0, 0, 0, 0, 0, 0, 0, 0, 0, 0, 0, 0, 0, 0)
ss <- 
c(0, 0, 0, 0, 0, 0, 0, 0, 0, 0, 0, 0, 0, 0, 0, 0, 0, 0)
time <- 
c(0, 0.25, 0.5, 0.75, 1, 1.25, 1.5, 1.75, 2, 4, 6, 8, 10, 12, 14, 16, 18, 20)
