CL <- 7.69530339856254
ka <- 1.06202407365023
Q <- 23.9066162429216
sigma <- 1.13745863677468
V1 <- 60.9759440073767
V2 <- 70.833724676616
