N <-
100
a <-
2
b <-
3
sigma <-
5
x <-
c(2.2853296995163, 0.674138290341944, 2.97911234200001, 7.25195993902162, 
5.48518705647439, 6.16006637923419, 9.12475175224245, 7.85220248624682, 
4.64161953656003, 9.81822612928227, 7.95531257521361, 4.29855593945831, 
5.55137525312603, 1.71344911446795, 4.05352542409673, 8.81462065735832, 
2.18668370507658, 9.97622460359707, 7.72820800775662, 2.90110652800649, 
6.35918467305601, 0.231357580050826, 4.19029676821083, 9.08321775961667, 
3.3600021735765, 8.67224041838199, 8.59367203898728, 4.31982519337907, 
4.18018239783123, 3.95117466570809, 4.53975410433486, 9.65833041351289, 
5.05022519268095, 8.77252815989777, 5.1377896242775, 7.61265947949141, 
9.20889288419858, 4.62758573470637, 9.81446951394901, 9.87865060800686, 
8.17965957103297, 3.01347282482311, 1.82404764462262, 3.38288246886805, 
5.80676758894697, 2.80335777206346, 4.61396040162072, 4.53697587829083, 
9.61025682976469, 3.46600423566997, 0.817313937004656, 6.8241445091553, 
5.6719551468268, 7.14498632820323, 3.53087692754343, 1.55980194685981, 
2.46012952644378, 3.98026936454698, 8.03334353491664, 2.7307740971446, 
6.58313227817416, 2.37085219938308, 2.48372358735651, 6.203433717601, 
8.11904138652608, 4.05982252210379, 5.01939266454428, 5.41474604280666, 
4.45003962609917, 0.451937709003687, 3.18692218745127, 1.42222109017894, 
6.08129358151928, 8.47746526822448, 6.61727556958795, 0.536629417911172, 
1.31974522257224, 3.49203322548419, 8.39104288257658, 5.05498125916347, 
6.55772913945839, 9.14206789340824, 8.55886349920183, 1.42991979140788, 
2.15637924149632, 7.85603262018412, 8.54894736781716, 8.66789509309456, 
8.87904351809993, 2.55191378993914, 7.99239561660215, 6.19454300496727, 
2.15904936660081, 3.43557879095897, 7.7779614389874, 3.05063382489607, 
6.50456659263, 2.30009848019108, 0.329714738763869, 0.149868202861398
)
