x <-
structure(list(Var1 = c(2, -0.04, 0.56, 0.4, -0.36, -1.92, 1.36, 
0.76, -1.88, -0.72, -1.16, 0.96, 0.12, 1, -0.12, 1.64, -1.6, 
-1.16, 1.16, 1.28, -1.16, -1.84, 1.6, -1.88, 0.72, -2, -2, -0.88, 
1.8, 0.64, 1.44, -0.84, -1.28, -2, 1.16, -1.64, -0.92, 0.4, 1, 
1.64, -0.16, 1.96, -1.88, -1.44, 0.24, 1.4, 1.48, -1.84, 0.96, 
1.6, 1.52, 0.6, 1.88, -0.84, 0.76, -0.84, -0.44, 0.96, 1.64, 
-1.04, 0.64, -0.72, -0.84, 1.28, -1.12, 0.4, -0.72, 1, -1.8, 
-1.56, 0.4, 0.24, -1.24, -0.52, -1.36, 1.76, 1.24, 1.4, 1.84, 
-1.76, 1.8, -1.64, 0.64, 0, -1.08, -1.28, -0.68, 0.92, -0.36, 
0.12, -1.4, 0.08, -0.84, 0.2, 1.16, 0.04, 1.88, 1.36, 1.96, 0.84, 
0.32), Var2 = c(1.24, 1, -1.4, -1.52, 1.92, -0.24, -0.16, -1.36, 
0.36, -0.92, -1.08, 0.76, -0.88, 1.24, -1.64, 1.28, -0.28, 1.04, 
0.64, -0.24, 0.52, -2, -1.16, 0.84, -1.16, 1.28, -0.76, 0.76, 
1.72, -1.56, -1.52, 0.72, -0.28, 1.36, 1.88, -1.72, -0.16, 0.8, 
-1.68, 1.96, -1, -1.84, 0.76, 1.16, -0.6, -0.56, -0.88, -1.68, 
-0.56, -1.32, 0.12, 0, 1.76, -0.64, -0.16, -1.68, 1.44, -0.44, 
0.92, -1.32, -0.2, 1.08, -1.76, 1.24, -0.8, -0.56, -0.76, -1.88, 
0.08, 0.72, 1.6, -1.92, 1.96, -0.8, 1.76, 0.72, 2, 1.24, -1.88, 
0.96, -0.64, 1.32, 0.12, -0.92, 1.2, -1.64, 1.32, -0.92, 1, 1.84, 
-1.68, 1.4, 1.2, -0.48, -0.72, -1.2, 0.24, 1.52, 0.08, 0.32, 
0.64)), .Names = c("Var1", "Var2"), out.attrs = structure(list(
    dim = c(101L, 101L), dimnames = structure(list(Var1 = c("Var1=-2.00", 
    "Var1=-1.96", "Var1=-1.92", "Var1=-1.88", "Var1=-1.84", "Var1=-1.80", 
    "Var1=-1.76", "Var1=-1.72", "Var1=-1.68", "Var1=-1.64", "Var1=-1.60", 
    "Var1=-1.56", "Var1=-1.52", "Var1=-1.48", "Var1=-1.44", "Var1=-1.40", 
    "Var1=-1.36", "Var1=-1.32", "Var1=-1.28", "Var1=-1.24", "Var1=-1.20", 
    "Var1=-1.16", "Var1=-1.12", "Var1=-1.08", "Var1=-1.04", "Var1=-1.00", 
    "Var1=-0.96", "Var1=-0.92", "Var1=-0.88", "Var1=-0.84", "Var1=-0.80", 
    "Var1=-0.76", "Var1=-0.72", "Var1=-0.68", "Var1=-0.64", "Var1=-0.60", 
    "Var1=-0.56", "Var1=-0.52", "Var1=-0.48", "Var1=-0.44", "Var1=-0.40", 
    "Var1=-0.36", "Var1=-0.32", "Var1=-0.28", "Var1=-0.24", "Var1=-0.20", 
    "Var1=-0.16", "Var1=-0.12", "Var1=-0.08", "Var1=-0.04", "Var1= 0.00", 
    "Var1= 0.04", "Var1= 0.08", "Var1= 0.12", "Var1= 0.16", "Var1= 0.20", 
    "Var1= 0.24", "Var1= 0.28", "Var1= 0.32", "Var1= 0.36", "Var1= 0.40", 
    "Var1= 0.44", "Var1= 0.48", "Var1= 0.52", "Var1= 0.56", "Var1= 0.60", 
    "Var1= 0.64", "Var1= 0.68", "Var1= 0.72", "Var1= 0.76", "Var1= 0.80", 
    "Var1= 0.84", "Var1= 0.88", "Var1= 0.92", "Var1= 0.96", "Var1= 1.00", 
    "Var1= 1.04", "Var1= 1.08", "Var1= 1.12", "Var1= 1.16", "Var1= 1.20", 
    "Var1= 1.24", "Var1= 1.28", "Var1= 1.32", "Var1= 1.36", "Var1= 1.40", 
    "Var1= 1.44", "Var1= 1.48", "Var1= 1.52", "Var1= 1.56", "Var1= 1.60", 
    "Var1= 1.64", "Var1= 1.68", "Var1= 1.72", "Var1= 1.76", "Var1= 1.80", 
    "Var1= 1.84", "Var1= 1.88", "Var1= 1.92", "Var1= 1.96", "Var1= 2.00"
    ), Var2 = c("Var2=-2.00", "Var2=-1.96", "Var2=-1.92", "Var2=-1.88", 
    "Var2=-1.84", "Var2=-1.80", "Var2=-1.76", "Var2=-1.72", "Var2=-1.68", 
    "Var2=-1.64", "Var2=-1.60", "Var2=-1.56", "Var2=-1.52", "Var2=-1.48", 
    "Var2=-1.44", "Var2=-1.40", "Var2=-1.36", "Var2=-1.32", "Var2=-1.28", 
    "Var2=-1.24", "Var2=-1.20", "Var2=-1.16", "Var2=-1.12", "Var2=-1.08", 
    "Var2=-1.04", "Var2=-1.00", "Var2=-0.96", "Var2=-0.92", "Var2=-0.88", 
    "Var2=-0.84", "Var2=-0.80", "Var2=-0.76", "Var2=-0.72", "Var2=-0.68", 
    "Var2=-0.64", "Var2=-0.60", "Var2=-0.56", "Var2=-0.52", "Var2=-0.48", 
    "Var2=-0.44", "Var2=-0.40", "Var2=-0.36", "Var2=-0.32", "Var2=-0.28", 
    "Var2=-0.24", "Var2=-0.20", "Var2=-0.16", "Var2=-0.12", "Var2=-0.08", 
    "Var2=-0.04", "Var2= 0.00", "Var2= 0.04", "Var2= 0.08", "Var2= 0.12", 
    "Var2= 0.16", "Var2= 0.20", "Var2= 0.24", "Var2= 0.28", "Var2= 0.32", 
    "Var2= 0.36", "Var2= 0.40", "Var2= 0.44", "Var2= 0.48", "Var2= 0.52", 
    "Var2= 0.56", "Var2= 0.60", "Var2= 0.64", "Var2= 0.68", "Var2= 0.72", 
    "Var2= 0.76", "Var2= 0.80", "Var2= 0.84", "Var2= 0.88", "Var2= 0.92", 
    "Var2= 0.96", "Var2= 1.00", "Var2= 1.04", "Var2= 1.08", "Var2= 1.12", 
    "Var2= 1.16", "Var2= 1.20", "Var2= 1.24", "Var2= 1.28", "Var2= 1.32", 
    "Var2= 1.36", "Var2= 1.40", "Var2= 1.44", "Var2= 1.48", "Var2= 1.52", 
    "Var2= 1.56", "Var2= 1.60", "Var2= 1.64", "Var2= 1.68", "Var2= 1.72", 
    "Var2= 1.76", "Var2= 1.80", "Var2= 1.84", "Var2= 1.88", "Var2= 1.92", 
    "Var2= 1.96", "Var2= 2.00")), .Names = c("Var1", "Var2"))), .Names = c("dim", 
"dimnames")), row.names = c(8282L, 7625L, 1580L, 1273L, 9940L, 
4447L, 4731L, 1686L, 5963L, 2760L, 2345L, 7044L, 2882L, 8257L, 
957L, 8374L, 4354L, 7698L, 6746L, 4527L, 6385L, 5L, 2212L, 7175L, 
2190L, 8283L, 3132L, 6998L, 9489L, 1178L, 1299L, 6898L, 4362L, 
8485L, 9877L, 717L, 4674L, 7131L, 884L, 10091L, 2572L, 504L, 
6973L, 7994L, 3592L, 3722L, 2916L, 813L, 3711L, 1808L, 5442L, 
5116L, 9592L, 3464L, 4716L, 838L, 8726L, 4014L, 7465L, 1742L, 
4612L, 7810L, 636L, 8264L, 3053L, 3697L, 3164L, 379L, 5258L, 
6880L, 9151L, 259L, 10019L, 3068L, 9511L, 6963L, 10182L, 8267L, 
400L, 7481L, 3530L, 8393L, 5420L, 2778L, 8104L, 928L, 8417L, 
2801L, 7617L, 9750L, 824L, 8638L, 8110L, 3894L, 3312L, 2072L, 
5754L, 8973L, 5352L, 5930L, 6725L), class = "data.frame")
N <-
101L
D <-
2
y <-
c(2.16333085530428, 0.456685453738766, -0.716468331278313, 0.0191464069565322, 
-0.195673966587587, 0.992242347416498, 0.614057916757745, -1.05709646374911, 
0.696909490275077, 0.512463253128406, 0.662001920396298, 0.872565740327493, 
-1.11459614538561, 1.69024772549352, 0.665667824594819, 2.05780148393012, 
0.27563147639584, 0.502378184602246, 1.70311679885905, -0.112242825852828, 
0.472951008632787, 2.57029464084842, -0.374900537326513, 0.579522092732981, 
-1.1190703942347, -0.0296217792074849, 0.926962346860695, -0.132791198418488, 
1.33462800417935, -0.412806270447613, -0.227234683524909, 0.359987619843063, 
-0.154919601426169, 0.189354615750427, 1.41882513592168, 1.68384262792807, 
0.014373556665571, 0.53004604358111, -0.397265653944783, 1.34791126290983, 
-0.492236336299284, -0.543996434859638, 0.687755818257229, 0.563219229034295, 
-1.26439939292419, -0.131023089780386, -0.907742938920949, 1.65162487182489, 
-0.748754901021104, -0.609888878525537, 1.13713668497213, -0.0311542401318915, 
1.84546662099946, 0.634675733342574, -0.0316544588463821, 1.97563700394947, 
-0.167833564108262, -0.747966085075956, 2.15161003522964, 1.65885987513791, 
-0.907706879259157, -0.124014321909472, 1.64034734155308, 2.53878064194249, 
0.206394868028345, -0.558102070650145, 0.645179575253482, -0.204160893968039, 
0.608635719935998, 0.964176226238702, 1.22827611606844, 0.102678247847943, 
-0.926314741327882, 0.046072101076812, -0.159729327586727, 1.92937209243695, 
1.16859269838081, 2.5501138108761, -1.22043172084056, -0.0461706428173189, 
-0.192212385806232, -0.181695015357923, 0.277254668919084, -1.13992943202666, 
0.447761305899696, 1.74169355429031, 0.593967013781771, -0.879666735939963, 
0.676792155566619, 0.27975291557113, 1.92182718475104, 0.162444047612105, 
0.638457674250972, -1.4370784423043, -0.126933074239229, -0.843768586085349, 
1.80668703233716, 1.57981542625945, 2.40419958834998, 0.549299570701246, 
0.802835774197584)
