N <-
101L
x <-
c(-2, -1.96, -1.92, -1.88, -1.84, -1.8, -1.76, -1.72, -1.68, 
-1.64, -1.6, -1.56, -1.52, -1.48, -1.44, -1.4, -1.36, -1.32, 
-1.28, -1.24, -1.2, -1.16, -1.12, -1.08, -1.04, -1, -0.96, -0.92, 
-0.88, -0.84, -0.8, -0.76, -0.72, -0.68, -0.64, -0.6, -0.56, 
-0.52, -0.48, -0.44, -0.4, -0.36, -0.32, -0.28, -0.24, -0.2, 
-0.16, -0.12, -0.08, -0.04, 0, 0.04, 0.08, 0.12, 0.16, 0.2, 0.24, 
0.28, 0.32, 0.36, 0.4, 0.44, 0.48, 0.52, 0.56, 0.6, 0.64, 0.68, 
0.72, 0.76, 0.8, 0.84, 0.88, 0.92, 0.96, 1, 1.04, 1.08, 1.12, 
1.16, 1.2, 1.24, 1.28, 1.32, 1.36, 1.4, 1.44, 1.48, 1.52, 1.56, 
1.6, 1.64, 1.68, 1.72, 1.76, 1.8, 1.84, 1.88, 1.92, 1.96, 2)
y <-
c(2.46807360054583, 1.64770824245077, 1.74481128061552, 1.80752630049372, 
1.65040293283122, 1.28332136274169, 1.34062369012212, 2.19881152889777, 
1.3022841220711, 1.56404887976528, 1.21206850184138, 1.90312262900656, 
1.29829870561159, 1.43579824040959, 1.14092970138205, 1.27925970029036, 
1.52692657765852, 1.47684648175938, 0.656051412226581, 0.579252587237952, 
0.462869567132633, 0.357584762119006, 0.562402382175077, -0.0157878836585192, 
-0.123074410998957, -0.195760080037444, -0.407456458740395, -0.321254862614265, 
0.0211212515538466, -0.253500015522026, 0.0246793461127029, -0.141434481773856, 
-0.699549321951786, -0.172724285815395, -0.437511556391229, -0.637800069886065, 
-1.12550799948125, -0.578047691143391, 0.0882689337153121, -0.508459050470969, 
-0.26581704106836, -0.391675012285323, -0.664188749355089, 0.118785378281254, 
-0.903410688703653, -0.294402704278506, -1.15147798687754, -0.928239358703941, 
-0.398674520566469, -0.60367224956202, -0.178886235348278, -0.759547635709899, 
-0.460962882782122, -0.623004912721487, -0.4998204245663, -0.679082752857357, 
-0.216924371531859, -0.10013553184825, -0.860275225133956, -0.665929444472472, 
-0.788041176066886, -0.0311276051340178, -0.0196171365846379, 
-0.0284353321088062, -0.412999849519063, -0.057299167999862, 
0.449756472860398, 0.299373691645077, -0.0509412834722806, 0.411479078769597, 
0.107705443395927, 0.158825516495855, 0.424011453375883, 0.30277308361025, 
0.116182738446018, -0.308762417737318, -0.29537510076619, 0.498071518299773, 
0.348151182705288, -1.0084266405699, 0.460293571455442, -0.230915463340712, 
0.548014009535359, 0.250766602813563, 0.889811302578241, -0.0355811222844349, 
0.231015796916177, 0.542313078889735, -0.0802192472799951, 0.0956354553143297, 
-0.0711778734301921, -0.883494554904277, -0.0413419037605459, 
0.105645273172154, 0.776888416302864, 0.557468642551955, -0.181820717055161, 
0.09308185345523, 0.327989807691724, 0.202174228238042, 0.480840197793456
)
