x <-
structure(list(Var1 = c(1.56, 1.4, -1.64, -0.08, -0.4, 1.56, 
0.08, -1.4, -0.6, -0.88, 1.56, -0.24, -1.44, 0.8, 0.72, -0.68, 
0.76, 1.72, 0.36, 1.24, -1.88, -1.96, 0.76, -1.96, -0.8, -1.72, 
-1.52, -1.64, 1.12, 1, -0.28, 1.48, -0.32, 0.44, -1, -0.76, -1.36, 
0.16, -1.84, -0.12, -0.4, -1.2, 2, 0.16, 1.36, -0.24, 1.16, 1.52, 
0.28, -0.4, -0.2, -1.72, 0.92, 0.52, 1.36, 1.28, 1.96, -1.96, 
0.2, 0.96, -0.44, -0.32, -1.16, 1.88, 0.96, 0.4, -0.72, 0.12, 
-1.56, -1.96, 0.88, 1.28, 1.2, 0.28, -1.92, -1.52, -1.48, 1.28, 
-0.6, 1.28, 0.96, 0.84, 0.96, 0.48, -1.8, 1.04, -0.96, 1.92, 
-1.36, 0.92, -1.04, 0.16, 1.36, 0.52, -1.16, -1.56, -1.24, 1.48, 
1.2, 1.04, -0.28), Var2 = c(-0.84, -1.44, 0.84, -1.6, -1.88, 
2, -1.88, -0.64, 1.68, 0.48, -0.88, 0.96, 1.36, -0.76, -0.04, 
0.8, 0.56, 0.56, 1.92, -0.36, -1.52, 0.12, -1.12, -0.04, -0.52, 
1.96, -0.44, -1.08, 0.48, -1.48, 1.88, 0.04, -1.36, 0.48, 1.96, 
0.68, -0.32, -0.72, 1.36, -1.44, -1.24, 1.6, -0.8, -0.56, 1.12, 
-1.24, -1.96, -0.4, -0.08, -0.32, -0.64, 1.48, -0.2, 0.12, 1.84, 
1.08, -1.2, -0.76, 1.88, 0.32, 1.04, -0.52, 1.08, 0.12, 1.64, 
-1.28, -0.88, -1.64, -1.16, 1.92, -0.84, 0.88, 1.12, -1.6, -1.04, 
-0.92, -1.6, -1.56, 1.96, 1.92, -1.48, 1.6, 0.28, -0.44, -0.2, 
0.8, -1.68, -0.68, 0.72, -0.76, 1.32, -1.16, -0.04, -0.92, -1.24, 
1.8, -0.72, -0.12, -1.92, 0.16, 0.56)), .Names = c("Var1", "Var2"
), out.attrs = structure(list(dim = c(101L, 101L), dimnames = structure(list(
    Var1 = c("Var1=-2.00", "Var1=-1.96", "Var1=-1.92", "Var1=-1.88", 
    "Var1=-1.84", "Var1=-1.80", "Var1=-1.76", "Var1=-1.72", "Var1=-1.68", 
    "Var1=-1.64", "Var1=-1.60", "Var1=-1.56", "Var1=-1.52", "Var1=-1.48", 
    "Var1=-1.44", "Var1=-1.40", "Var1=-1.36", "Var1=-1.32", "Var1=-1.28", 
    "Var1=-1.24", "Var1=-1.20", "Var1=-1.16", "Var1=-1.12", "Var1=-1.08", 
    "Var1=-1.04", "Var1=-1.00", "Var1=-0.96", "Var1=-0.92", "Var1=-0.88", 
    "Var1=-0.84", "Var1=-0.80", "Var1=-0.76", "Var1=-0.72", "Var1=-0.68", 
    "Var1=-0.64", "Var1=-0.60", "Var1=-0.56", "Var1=-0.52", "Var1=-0.48", 
    "Var1=-0.44", "Var1=-0.40", "Var1=-0.36", "Var1=-0.32", "Var1=-0.28", 
    "Var1=-0.24", "Var1=-0.20", "Var1=-0.16", "Var1=-0.12", "Var1=-0.08", 
    "Var1=-0.04", "Var1= 0.00", "Var1= 0.04", "Var1= 0.08", "Var1= 0.12", 
    "Var1= 0.16", "Var1= 0.20", "Var1= 0.24", "Var1= 0.28", "Var1= 0.32", 
    "Var1= 0.36", "Var1= 0.40", "Var1= 0.44", "Var1= 0.48", "Var1= 0.52", 
    "Var1= 0.56", "Var1= 0.60", "Var1= 0.64", "Var1= 0.68", "Var1= 0.72", 
    "Var1= 0.76", "Var1= 0.80", "Var1= 0.84", "Var1= 0.88", "Var1= 0.92", 
    "Var1= 0.96", "Var1= 1.00", "Var1= 1.04", "Var1= 1.08", "Var1= 1.12", 
    "Var1= 1.16", "Var1= 1.20", "Var1= 1.24", "Var1= 1.28", "Var1= 1.32", 
    "Var1= 1.36", "Var1= 1.40", "Var1= 1.44", "Var1= 1.48", "Var1= 1.52", 
    "Var1= 1.56", "Var1= 1.60", "Var1= 1.64", "Var1= 1.68", "Var1= 1.72", 
    "Var1= 1.76", "Var1= 1.80", "Var1= 1.84", "Var1= 1.88", "Var1= 1.92", 
    "Var1= 1.96", "Var1= 2.00"), Var2 = c("Var2=-2.00", "Var2=-1.96", 
    "Var2=-1.92", "Var2=-1.88", "Var2=-1.84", "Var2=-1.80", "Var2=-1.76", 
    "Var2=-1.72", "Var2=-1.68", "Var2=-1.64", "Var2=-1.60", "Var2=-1.56", 
    "Var2=-1.52", "Var2=-1.48", "Var2=-1.44", "Var2=-1.40", "Var2=-1.36", 
    "Var2=-1.32", "Var2=-1.28", "Var2=-1.24", "Var2=-1.20", "Var2=-1.16", 
    "Var2=-1.12", "Var2=-1.08", "Var2=-1.04", "Var2=-1.00", "Var2=-0.96", 
    "Var2=-0.92", "Var2=-0.88", "Var2=-0.84", "Var2=-0.80", "Var2=-0.76", 
    "Var2=-0.72", "Var2=-0.68", "Var2=-0.64", "Var2=-0.60", "Var2=-0.56", 
    "Var2=-0.52", "Var2=-0.48", "Var2=-0.44", "Var2=-0.40", "Var2=-0.36", 
    "Var2=-0.32", "Var2=-0.28", "Var2=-0.24", "Var2=-0.20", "Var2=-0.16", 
    "Var2=-0.12", "Var2=-0.08", "Var2=-0.04", "Var2= 0.00", "Var2= 0.04", 
    "Var2= 0.08", "Var2= 0.12", "Var2= 0.16", "Var2= 0.20", "Var2= 0.24", 
    "Var2= 0.28", "Var2= 0.32", "Var2= 0.36", "Var2= 0.40", "Var2= 0.44", 
    "Var2= 0.48", "Var2= 0.52", "Var2= 0.56", "Var2= 0.60", "Var2= 0.64", 
    "Var2= 0.68", "Var2= 0.72", "Var2= 0.76", "Var2= 0.80", "Var2= 0.84", 
    "Var2= 0.88", "Var2= 0.92", "Var2= 0.96", "Var2= 1.00", "Var2= 1.04", 
    "Var2= 1.08", "Var2= 1.12", "Var2= 1.16", "Var2= 1.20", "Var2= 1.24", 
    "Var2= 1.28", "Var2= 1.32", "Var2= 1.36", "Var2= 1.40", "Var2= 1.44", 
    "Var2= 1.48", "Var2= 1.52", "Var2= 1.56", "Var2= 1.60", "Var2= 1.64", 
    "Var2= 1.68", "Var2= 1.72", "Var2= 1.76", "Var2= 1.80", "Var2= 1.84", 
    "Var2= 1.88", "Var2= 1.92", "Var2= 1.96", "Var2= 2.00")), .Names = c("Var1", 
"Var2"))), .Names = c("dim", "dimnames")), row.names = c(3019L, 
1500L, 7181L, 1059L, 344L, 10190L, 356L, 3450L, 9328L, 6291L, 
2918L, 7519L, 8499L, 3202L, 5018L, 7104L, 6534L, 6558L, 9958L, 
4223L, 1216L, 5355L, 2292L, 4951L, 3768L, 10007L, 3952L, 2333L, 
6341L, 1389L, 9841L, 5239L, 1659L, 6324L, 10025L, 6799L, 4259L, 
3287L, 8489L, 1462L, 1960L, 9111L, 3131L, 3691L, 7963L, 1964L, 
181L, 4129L, 4906L, 4283L, 3480L, 8795L, 4619L, 5417L, 9781L, 
7860L, 2120L, 3133L, 9853L, 5933L, 7716L, 3780L, 7799L, 5451L, 
9266L, 1879L, 2861L, 963L, 2133L, 9900L, 3002L, 7355L, 7959L, 
1068L, 2427L, 2740L, 1024L, 1194L, 10035L, 9981L, 1388L, 9162L, 
5832L, 4002L, 4551L, 7147L, 835L, 3432L, 6885L, 3205L, 8408L, 
2176L, 5034L, 2791L, 1941L, 9607L, 3252L, 4835L, 283L, 5531L, 
6508L), class = "data.frame")
N <-
101L
D <-
2
y <-
c(-0.291266038722447, -0.106310715216678, -1.95879833292779, 
1.91910978594735, 2.16464488260222, -0.128862831409438, 1.3584569517331, 
0.636862319160101, -0.224959225940487, -1.50927567678732, 0.149268244179655, 
0.0638570715776011, -0.554059762061066, -0.304519664947909, 0.870752394266084, 
-1.44774829997176, 0.175493627826987, -0.0114179039717156, -0.708655336797296, 
0.0495160815624436, -0.22585315120676, -0.797784367023374, 0.250371529989367, 
-0.152838028942712, -0.4718094666728, -0.601299298144256, -0.181573142332281, 
0.166492696318166, -0.382700327966234, -0.308769898860713, -0.699697052299981, 
0.396005715401704, 1.13503553186283, -0.0379075572315488, -0.230351324982036, 
-1.47048189443301, 0.115088323538118, -0.0100470434464854, -0.951029841893912, 
1.35871976565245, 0.901001700687163, -0.63707994490814, -0.272741034632288, 
-0.325550119682244, -0.144500650796144, 1.00225761276655, -0.0848334691658499, 
0.632191039060116, -0.257205438912649, -1.11275305044923, -0.0590854322042097, 
-1.01899176210669, -0.0524516064307722, 0.0746539515680046, 0.505628179683395, 
-0.374114347541041, -1.32651398693786, -0.152997512131748, 0.802535405884715, 
0.226689603903561, -0.581295632833093, 0.0525395156509812, -1.49203145492433, 
0.494123899740571, -0.0507264087039263, 0.328517460489793, -0.116647673939643, 
0.979772521331545, -0.141384024252932, 0.0142756476775739, 0.192648723374568, 
-0.38836643539741, 0.180181796119891, 1.5769597014914, -0.648467715632594, 
0.260243485913078, 0.317361470761822, -0.346593911775509, 0.0945157009836945, 
-0.807792263160672, 0.549563796833308, 0.13063537147856, 0.209766471107041, 
-0.0573131656357723, -0.219034501888335, -0.298733304883449, 
1.20863463078262, -0.214064051182742, -1.68863382557026, 0.134205137973875, 
-1.07499631793669, 0.515819814073984, 0.604046592243675, -0.0414925951223025, 
0.973090549548984, -0.126061598766916, -0.467217610021514, 0.949090314049511, 
-0.183811371893061, 0.504386813624812, -0.645352137402662)
