x <-
structure(list(Var1 = c(-0.72, -1.16, -1.4, 1.76, 1.16, 0.68, 
2, -0.16, 1.08, -0.04, -0.08, -0.96, 0.48, -1, 0.04, -0.2, -0.28, 
-1.76, 0.52, -1.88, -0.04, 1.16, 1.92, 0.76, 0.04, 0.16, -0.84, 
1.4, 1.04, -1.72, -2, -1.88, -1.64, 1.16, 1.52, 0.32, 0.04, -0.36, 
-1.6, 1.88, 0.56, -0.44, 0.2, -1.32, -0.96, 1.2, 2, 1.96, 0.4, 
-1.68, -1.24, -1.4, 1.4, 0.4, -1.76, 1.08, 1.76, 1.56, 0.88, 
-1.36, 1.76, -0.88, -1.76, -0.68, 1.24, -0.2, 0.36, 1.88, 0.8, 
-0.96, -0.6, -0.92, 1.96, 1.24, 1.6, 0.36, 1.12, -0.84, -0.76, 
1.04, -0.6, 1.6, -1.72, -0.36, -0.12, -0.2, -2, 1.2, 0.04, -0.64, 
1.32, 1, 1.84, -1.48, -0.72, -0.32, -1.2, 0.24, 0.68, 1.52, -1.84
), Var2 = c(1.96, -0.44, -1.08, 0.48, -1.48, 1.88, 0.04, -1.36, 
0.48, 1.96, 0.68, -0.32, -0.72, 1.36, -1.44, -1.24, 1.6, -0.76, 
-0.56, 1.16, -1.24, -1.96, -0.4, -0.08, -0.32, -0.64, 1.48, -0.2, 
0.12, 1.88, 1.12, -1.16, -0.76, 1.88, 0.32, 1.04, -0.52, 1.08, 
0.16, 1.64, -1.28, -0.88, -1.64, -1.16, 1.92, -0.84, 0.88, 1.12, 
-1.6, -1.04, -0.92, -1.6, -1.56, 1.96, 1.96, -1.48, 1.6, 0.28, 
-0.44, -0.2, 0.8, -1.68, -0.64, 0.72, -0.76, 1.32, -1.16, -0.04, 
-0.92, -1.24, 1.8, -0.72, -0.12, -1.92, 0.16, 0.56, 0.36, 2, 
1.56, 0.48, -0.8, -0.48, -1.36, 1.44, 1.8, 0.24, -0.68, 1.96, 
-1.08, 0.44, -1.6, -0.08, -1.64, -1.36, -0.88, 0.32, 0.92, -1.36, 
1.44, 0.8, 1.04)), .Names = c("Var1", "Var2"), out.attrs = structure(list(
    dim = c(101L, 101L), dimnames = structure(list(Var1 = c("Var1=-2.00", 
    "Var1=-1.96", "Var1=-1.92", "Var1=-1.88", "Var1=-1.84", "Var1=-1.80", 
    "Var1=-1.76", "Var1=-1.72", "Var1=-1.68", "Var1=-1.64", "Var1=-1.60", 
    "Var1=-1.56", "Var1=-1.52", "Var1=-1.48", "Var1=-1.44", "Var1=-1.40", 
    "Var1=-1.36", "Var1=-1.32", "Var1=-1.28", "Var1=-1.24", "Var1=-1.20", 
    "Var1=-1.16", "Var1=-1.12", "Var1=-1.08", "Var1=-1.04", "Var1=-1.00", 
    "Var1=-0.96", "Var1=-0.92", "Var1=-0.88", "Var1=-0.84", "Var1=-0.80", 
    "Var1=-0.76", "Var1=-0.72", "Var1=-0.68", "Var1=-0.64", "Var1=-0.60", 
    "Var1=-0.56", "Var1=-0.52", "Var1=-0.48", "Var1=-0.44", "Var1=-0.40", 
    "Var1=-0.36", "Var1=-0.32", "Var1=-0.28", "Var1=-0.24", "Var1=-0.20", 
    "Var1=-0.16", "Var1=-0.12", "Var1=-0.08", "Var1=-0.04", "Var1= 0.00", 
    "Var1= 0.04", "Var1= 0.08", "Var1= 0.12", "Var1= 0.16", "Var1= 0.20", 
    "Var1= 0.24", "Var1= 0.28", "Var1= 0.32", "Var1= 0.36", "Var1= 0.40", 
    "Var1= 0.44", "Var1= 0.48", "Var1= 0.52", "Var1= 0.56", "Var1= 0.60", 
    "Var1= 0.64", "Var1= 0.68", "Var1= 0.72", "Var1= 0.76", "Var1= 0.80", 
    "Var1= 0.84", "Var1= 0.88", "Var1= 0.92", "Var1= 0.96", "Var1= 1.00", 
    "Var1= 1.04", "Var1= 1.08", "Var1= 1.12", "Var1= 1.16", "Var1= 1.20", 
    "Var1= 1.24", "Var1= 1.28", "Var1= 1.32", "Var1= 1.36", "Var1= 1.40", 
    "Var1= 1.44", "Var1= 1.48", "Var1= 1.52", "Var1= 1.56", "Var1= 1.60", 
    "Var1= 1.64", "Var1= 1.68", "Var1= 1.72", "Var1= 1.76", "Var1= 1.80", 
    "Var1= 1.84", "Var1= 1.88", "Var1= 1.92", "Var1= 1.96", "Var1= 2.00"
    ), Var2 = c("Var2=-2.00", "Var2=-1.96", "Var2=-1.92", "Var2=-1.88", 
    "Var2=-1.84", "Var2=-1.80", "Var2=-1.76", "Var2=-1.72", "Var2=-1.68", 
    "Var2=-1.64", "Var2=-1.60", "Var2=-1.56", "Var2=-1.52", "Var2=-1.48", 
    "Var2=-1.44", "Var2=-1.40", "Var2=-1.36", "Var2=-1.32", "Var2=-1.28", 
    "Var2=-1.24", "Var2=-1.20", "Var2=-1.16", "Var2=-1.12", "Var2=-1.08", 
    "Var2=-1.04", "Var2=-1.00", "Var2=-0.96", "Var2=-0.92", "Var2=-0.88", 
    "Var2=-0.84", "Var2=-0.80", "Var2=-0.76", "Var2=-0.72", "Var2=-0.68", 
    "Var2=-0.64", "Var2=-0.60", "Var2=-0.56", "Var2=-0.52", "Var2=-0.48", 
    "Var2=-0.44", "Var2=-0.40", "Var2=-0.36", "Var2=-0.32", "Var2=-0.28", 
    "Var2=-0.24", "Var2=-0.20", "Var2=-0.16", "Var2=-0.12", "Var2=-0.08", 
    "Var2=-0.04", "Var2= 0.00", "Var2= 0.04", "Var2= 0.08", "Var2= 0.12", 
    "Var2= 0.16", "Var2= 0.20", "Var2= 0.24", "Var2= 0.28", "Var2= 0.32", 
    "Var2= 0.36", "Var2= 0.40", "Var2= 0.44", "Var2= 0.48", "Var2= 0.52", 
    "Var2= 0.56", "Var2= 0.60", "Var2= 0.64", "Var2= 0.68", "Var2= 0.72", 
    "Var2= 0.76", "Var2= 0.80", "Var2= 0.84", "Var2= 0.88", "Var2= 0.92", 
    "Var2= 0.96", "Var2= 1.00", "Var2= 1.04", "Var2= 1.08", "Var2= 1.12", 
    "Var2= 1.16", "Var2= 1.20", "Var2= 1.24", "Var2= 1.28", "Var2= 1.32", 
    "Var2= 1.36", "Var2= 1.40", "Var2= 1.44", "Var2= 1.48", "Var2= 1.52", 
    "Var2= 1.56", "Var2= 1.60", "Var2= 1.64", "Var2= 1.68", "Var2= 1.72", 
    "Var2= 1.76", "Var2= 1.80", "Var2= 1.84", "Var2= 1.88", "Var2= 1.92", 
    "Var2= 1.96", "Var2= 2.00")), .Names = c("Var1", "Var2"))), .Names = c("dim", 
"dimnames")), row.names = c(10032L, 3961L, 2339L, 6357L, 1393L, 
9865L, 5252L, 1663L, 6340L, 10049L, 6816L, 4269L, 3295L, 8510L, 
1466L, 1965L, 9134L, 3138L, 3700L, 7983L, 1969L, 181L, 4139L, 
4918L, 4294L, 3489L, 8817L, 4631L, 5430L, 9805L, 7879L, 2125L, 
3141L, 9877L, 5947L, 7735L, 3789L, 7819L, 5465L, 9289L, 1883L, 
2868L, 965L, 2139L, 9925L, 3010L, 7373L, 7978L, 1071L, 2433L, 
2747L, 1026L, 1197L, 10060L, 10006L, 1391L, 9185L, 5847L, 4012L, 
4562L, 7165L, 837L, 3441L, 6902L, 3213L, 8429L, 2181L, 5047L, 
2798L, 1946L, 9631L, 3260L, 4847L, 284L, 5545L, 6524L, 6038L, 
10130L, 9021L, 6339L, 3066L, 3929L, 1624L, 8728L, 9643L, 5702L, 
3334L, 10080L, 2375L, 6196L, 1094L, 4924L, 1006L, 1630L, 2861L, 
5901L, 7394L, 1673L, 8754L, 7159L, 7681L), class = "data.frame")
N <-
101L
D <-
2
y <-
c(1.01926093986532, -0.290075130986445, -0.821851006882265, 1.14003909045802, 
-0.566752729100973, 0.128164114102393, 2.82913079940421, 1.58594165583246, 
1.02144633291022, 0.22720509996032, -0.1280911815382, 0.464702026785569, 
1.53893188201753, 0.432510331413275, 1.65264221907701, 1.74946165387811, 
0.0476923528013729, -1.27723794674459, 0.918775597796162, -0.185833118250875, 
2.29263743864191, -1.1124153080565, 0.901711055499583, 1.19632588015559, 
1.56838131192522, 1.43331401158928, 0.128702651717305, 1.36171988368979, 
0.844094888578392, 0.837999830145501, 0.48029648393025, -0.51643519702369, 
-0.899744689471999, 0.741761539070067, 1.87568895358372, 0.888072787890384, 
1.64543121361879, 0.158099620310338, -0.939075222021163, 1.97096796903061, 
0.876506965925562, 1.20770121490065, 0.4394423674993, -0.155767386172749, 
0.797042343083852, 0.115157610112335, 1.28151171366678, 0.967091555103133, 
1.11165629664866, -1.17914559004001, -0.660251412757362, -0.488936139005335, 
-1.3841796152044, 0.815496474389515, 0.792123118054155, -0.775765838972921, 
1.70957768474893, 1.2974913109798, 1.00862677660709, -0.808178936269827, 
1.27589912071996, 0.188763908780803, -0.810013579943914, -0.0189468868250872, 
0.0315238494217362, 0.103690767707375, 1.52395103582828, 1.45483776442575, 
0.225957912442694, 0.233013180930641, 0.173512709520281, 0.910790078218262, 
2.13115405099061, -2.00790086454674, 1.74402331525013, 0.276274098609691, 
0.983159868082628, 0.970504250135676, 0.138377154563893, 0.881159662354732, 
1.64907236482108, 0.316494776089666, 0.0408763803896293, 0.276084467209686, 
0.453432019524862, 1.03165825059689, -1.58400478179713, 1.54841811513021, 
1.01891092523047, 0.642917721616024, -0.472283025157246, 1.13040470033049, 
-1.65107694433213, -0.0847029967532388, 1.00687281619843, 0.817968333679475, 
-0.646506156039008, 1.59330453334225, 0.194739146201793, 1.31604202504332, 
-0.376154070245108)
