N <-
101L
x <-
c(-2, -1.96, -1.92, -1.88, -1.84, -1.8, -1.76, -1.72, -1.68, 
-1.64, -1.6, -1.56, -1.52, -1.48, -1.44, -1.4, -1.36, -1.32, 
-1.28, -1.24, -1.2, -1.16, -1.12, -1.08, -1.04, -1, -0.96, -0.92, 
-0.88, -0.84, -0.8, -0.76, -0.72, -0.68, -0.64, -0.6, -0.56, 
-0.52, -0.48, -0.44, -0.4, -0.36, -0.32, -0.28, -0.24, -0.2, 
-0.16, -0.12, -0.08, -0.04, 0, 0.04, 0.08, 0.12, 0.16, 0.2, 0.24, 
0.28, 0.32, 0.36, 0.4, 0.44, 0.48, 0.52, 0.56, 0.6, 0.64, 0.68, 
0.72, 0.76, 0.8, 0.84, 0.88, 0.92, 0.96, 1, 1.04, 1.08, 1.12, 
1.16, 1.2, 1.24, 1.28, 1.32, 1.36, 1.4, 1.44, 1.48, 1.52, 1.56, 
1.6, 1.64, 1.68, 1.72, 1.76, 1.8, 1.84, 1.88, 1.92, 1.96, 2)
y <-
c(-0.834922124048508, -1.07469841743766, -0.710337365397732, 
-0.66268491446495, -0.939657695206286, -0.833360504160265, -1.01698561860395, 
-0.926074654491114, -0.988825760670016, -0.893923858096513, -0.788255608358753, 
-1.08088650155445, -0.992294341090265, -0.185220888222202, -0.599205562753582, 
-0.657370703614573, -0.132969651362751, -1.1483912502343, -0.368227747322701, 
-0.374506563902951, -0.472107834819709, -0.314220874955821, -0.17771830918895, 
-0.16146114944608, -0.176351848291599, -0.0578775508826132, 0.543907482155112, 
-0.230523888851228, 0.291671786158994, 0.162493350471591, 0.53657276676493, 
0.799201488347545, 0.182531231832776, 0.823157482903329, 0.093051861850045, 
0.199622308154638, 0.493820489405819, 0.946378347151914, 1.29049069144947, 
0.683993475014327, 1.39858830364963, 1.22953473436205, 0.58440876431094, 
1.22990093348729, 0.426788379007381, 1.42226599400482, 1.61321024566218, 
1.35967176659402, 1.14424504580706, 1.35965180295013, 0.538894495793121, 
1.19166572153532, 0.643319976961595, 0.977476971560942, 0.590823025456625, 
1.36632094600496, 0.742396148833048, 1.23041443960784, 0.715996429112916, 
1.03775892892112, 1.29207790048843, 1.56047009805855, 0.824152351683787, 
0.951210378763639, 1.09071974040957, 0.91334248758862, 0.84340613722829, 
1.15437504204455, 1.08934758613058, 1.21469814329618, 1.50561159302369, 
1.07036922432491, 0.774038962771612, 0.931061702154724, 1.24223445366197, 
0.840504442401627, 1.09927146323552, 1.1682091151528, 1.32752892518764, 
0.611598873831869, 0.923228271840508, 1.14461033366652, 1.25850496802393, 
1.05225517631695, 1.19214272586057, 1.75238151052877, 0.530081422435782, 
0.98221917224095, 1.20645803051304, 0.285388318547387, 1.43707150465036, 
1.01654348001171, 0.703421691361541, 0.737168624005758, 1.31207025806455, 
1.07186069648359, 0.787440058344011, 0.728208114099418, 1.13907074481935, 
0.694725131162695, 0.816420010404671)
