x <-
c(-2, -1.96, -1.92, -1.88, -1.84, -1.8, -1.76, -1.72, -1.68, 
-1.64, -1.6, -1.56, -1.52, -1.48, -1.44, -1.4, -1.36, -1.32, 
-1.28, -1.24, -1.2, -1.16, -1.12, -1.08, -1.04, -1, -0.96, -0.92, 
-0.88, -0.84, -0.8, -0.76, -0.72, -0.68, -0.64, -0.6, -0.56, 
-0.52, -0.48, -0.44, -0.4, -0.36, -0.32, -0.28, -0.24, -0.2, 
-0.16, -0.12, -0.08, -0.04, 0, 0.04, 0.08, 0.12, 0.16, 0.2, 0.24, 
0.28, 0.32, 0.36, 0.4, 0.44, 0.48, 0.52, 0.56, 0.6, 0.64, 0.68, 
0.72, 0.76, 0.8, 0.84, 0.88, 0.92, 0.96, 1, 1.04, 1.08, 1.12, 
1.16, 1.2, 1.24, 1.28, 1.32, 1.36, 1.4, 1.44, 1.48, 1.52, 1.56, 
1.6, 1.64, 1.68, 1.72, 1.76, 1.8, 1.84, 1.88, 1.92, 1.96, 2)
N <-
101L
D <-
3
y <-
structure(c(0.788980135932567, 0.900114346044692, 0.752090773741387, 
0.599875810080851, 0.385730186669055, 0.474858185329109, 0.0199558630295238, 
0.524389838938365, 1.09869201693681, 0.834187841954281, 1.05187710451238, 
0.645212931474293, 0.871040271560601, -0.125816184099331, 0.571810890361787, 
0.249039985890037, 0.29708660853156, 1.39615480886001, 0.248349309828474, 
1.08096116145884, 0.913230302292845, 1.21752263108204, 0.244661240373583, 
0.634213176386687, 0.317259499565702, 0.310688384416907, 0.513964265308728, 
0.323225185689099, 0.496717562537768, -0.0356189080163619, 0.874418728617982, 
0.339121021258699, -0.00972439790530235, 0.372461391869615, 0.538075095536471, 
0.800347089762421, 0.616168805735986, 0.227489114507583, 0.580795561675865, 
0.485626915708599, -0.128245521937963, 0.0613347018653571, 0.12599292500611, 
0.154194906582346, -0.00754932635761017, -0.314750538018971, 
0.102856399506505, 0.206045183885233, 0.278455908279329, -0.0626801349960095, 
0.152544082149111, -0.265716831243944, -0.0299419094013671, 0.164668562018122, 
-0.547862084281375, -0.124741943021583, -0.0775580108494683, 
-0.399889387753009, -1.29524821955213, -0.590173318822908, -0.629421468980927, 
-0.418301238393931, -0.408082006949505, -1.37506332076579, -0.164501447506583, 
-0.364245944501591, -0.722793499125561, -0.892956805539401, -0.730920738613616, 
-1.17093949726589, -0.38274226258954, -1.05972685776939, -0.819828775944622, 
-0.603993482291937, -1.33230866839, -0.903312975832958, -1.31489244860724, 
-1.25752857748109, -1.18733329570208, -1.49196822835874, -0.810575413597425, 
-1.93800082904871, -1.12892835200714, -1.35940498201327, -1.4495354707719, 
-1.77835925925006, -1.48089210790138, -1.51193321500378, -2.06089193577711, 
-1.52043782184556, -1.91604494717278, -1.70288707487589, -1.48024898571345, 
-1.30346213281521, -1.50367922259294, -2.00273879524971, -1.52373566611197, 
-1.30587748523995, -1.47955680053279, -1.35402581304084, -0.196215749749404, 
0.388227280467052, -0.0799691824382225, 0.479479362761152, 0.709176688517021, 
1.07329613407807, 1.11681796811037, 0.986918594415536, 1.10453270868169, 
1.27118760965904, 0.802670313193392, 0.916109057570883, 1.41532258484348, 
1.5615418877198, 1.62287519088103, 1.34062017009599, 1.71673355939398, 
1.21675337938637, 1.99114372629167, 1.52647544477021, 1.92780533732885, 
1.28560659587183, 1.86551843561059, 1.61704690075982, 1.42666180644772, 
1.42141895040217, 2.0979952583808, 1.79193806565986, 1.89468563089828, 
2.75893171008537, 1.93198485366692, 1.49004997023805, 1.6029693154925, 
1.45156327071828, 2.10490683529289, 1.9233202614537, 1.84785556508711, 
1.36430484364885, 1.94260444707219, 1.49791695879257, 1.90534168793225, 
1.62044837915295, 2.06838382441314, 1.79710912137768, 1.70444876651434, 
1.72348441698627, 1.26512788723064, 1.64613939876185, 1.36952149579091, 
1.40723576992856, 1.81834086174811, 1.15684741268176, 1.70782636335244, 
1.5507773799696, 1.60759055984741, 1.35598926260675, 1.1935990762208, 
1.06245207571217, 1.10802919153207, 1.42194548236222, 1.10578523385894, 
1.12331411837411, 1.39180346293953, 1.17193689297311, 1.36523299874493, 
0.865423627218711, 1.36671111383938, 0.851533568022598, 1.23235833353513, 
0.764376467212614, 1.13252029027005, 0.616893390442199, 1.1350491118077, 
0.473186764172395, -0.123413118323221, 0.52951173115568, -0.0567727795273499, 
-0.0581562763802674, 0.419151439863274, 0.455805329576229, -0.0267131929113249, 
0.243578546113405, 0.191663816157343, 0.626256003601624, -0.247563821397377, 
-0.579113866076174, 0.162685188049623, 0.0747300695572018, -0.749134360109291, 
-0.494638817882984, -0.43028490251159, -0.0670167465830303, 0.243048208479171, 
-0.188493065442398, 0.191380637779403, -0.149944274697838, -0.254334531675827, 
-0.501504432294587, -0.240161007474018, 0.112817109861722, -0.196612828157234, 
-0.423415434192532, -1.93766634950308, -1.90869335902225, -1.91983134124187, 
-2.51084448120123, -1.91477938276081, -2.39377506837858, -2.61682996575714, 
-2.12964014566611, -2.22524379201988, -2.38194005363535, -2.58055141033816, 
-2.39489932590061, -2.39092522601723, -2.49882374296782, -2.51343891870951, 
-2.75661188129592, -2.57930578421423, -1.85753670229652, -2.50800441909127, 
-2.66506260978303, -2.39817558964306, -2.3770297362361, -2.29183187759764, 
-2.63467750223092, -2.17739622784818, -2.55516293279012, -3.05963709295466, 
-2.61709879469481, -2.0224995832633, -2.48530329395335, -2.7698771586128, 
-2.67571292161851, -2.36715139145924, -2.25942312527125, -1.90443489267552, 
-2.20073865522534, -2.39627134401665, -2.46718702554281, -1.95263864133948, 
-1.83771590992308, -1.97512652548754, -1.94612980779567, -2.11356915859962, 
-2.11579450506583, -1.81846590585993, -1.44357135753043, -1.71564849135715, 
-1.73738708025049, -2.22595535191468, -1.41459403766385, -1.82300656306699, 
-2.20391902050598, -1.63715209390597, -1.6168979124418, -1.54329699296092, 
-1.34556666277574, -2.04731656037421, -2.10427656184282, -0.827131092681028, 
-1.49247434583921, -0.682169901707964, -1.2967334180753, -1.38019510271294, 
-1.01696532589573, -0.938638684096817, -1.36782832075471, -1.02016110158511, 
-1.13803362849261, -1.03304417792796, -1.03534051706769, -0.168532150092539, 
-0.383380207842684, -0.751525398476011, -0.695629041866006, 0.214600672567853, 
-0.066326847041085, -0.330502935202997, -0.397183120541373, -0.386865178134771, 
-0.00374872675692544, 0.498338310176573, -0.0771871937625252, 
0.129556816882436, 0.0992578702891855, -0.458705886289164, -0.0524936432608331, 
0.110721011634509, 0.426578796095676, 0.0231159423271697, 0.693233430250318, 
0.36206931478598, 0.244172745899996, 0.735638285562354, 0.396250554997026, 
0.111253451507175, 0.597804710199181, 0.0297948335104664, 0.308360151187932, 
0.653040690692291, 0.464868565698625, -0.0515983623687434), .Dim = c(101L, 
3L))
Omega <-
structure(c(1, -0.125457707950776, -0.682484455359269, -0.125457707950776, 
1, -0.270506481178744, -0.682484455359269, -0.270506481178744, 
1), .Dim = c(3L, 3L))
