N <-
101L
x <-
c(-2, -1.96, -1.92, -1.88, -1.84, -1.8, -1.76, -1.72, -1.68, 
-1.64, -1.6, -1.56, -1.52, -1.48, -1.44, -1.4, -1.36, -1.32, 
-1.28, -1.24, -1.2, -1.16, -1.12, -1.08, -1.04, -1, -0.96, -0.92, 
-0.88, -0.84, -0.8, -0.76, -0.72, -0.68, -0.64, -0.6, -0.56, 
-0.52, -0.48, -0.44, -0.4, -0.36, -0.32, -0.28, -0.24, -0.2, 
-0.16, -0.12, -0.08, -0.04, 0, 0.04, 0.08, 0.12, 0.16, 0.2, 0.24, 
0.28, 0.32, 0.36, 0.4, 0.44, 0.48, 0.52, 0.56, 0.6, 0.64, 0.68, 
0.72, 0.76, 0.8, 0.84, 0.88, 0.92, 0.96, 1, 1.04, 1.08, 1.12, 
1.16, 1.2, 1.24, 1.28, 1.32, 1.36, 1.4, 1.44, 1.48, 1.52, 1.56, 
1.6, 1.64, 1.68, 1.72, 1.76, 1.8, 1.84, 1.88, 1.92, 1.96, 2)
y <-
c(-0.299406919731039, 0.155299537889206, 0.0110669878921424, 
0.202614376977248, 0.109814868209963, -0.24747487562501, 0.165617228808777, 
0.0847403908295766, 0.0348388088323081, 0.0149816352893095, -0.534280021144191, 
-0.461872233354051, 0.350257039848584, 0.0787869656538411, -0.0398366530636094, 
0.354154630532378, 0.306345567801409, 0.394771972934484, 0.444794658707617, 
-0.365088408537174, -0.631379567475171, -0.0024373884376109, 
-0.00190294675320907, 0.291581939185376, -0.0292611332518491, 
-0.075107949201431, 0.253579413363591, -0.0379892050547189, 0.114588920662572, 
0.532485147529213, 0.272508079585717, 0.754231782073317, 0.70763659422731, 
0.203829141428695, 0.376584384850009, 0.622869665682731, 0.446715617242323, 
-0.0546862004758926, 0.860004262228437, 0.71775860290066, 0.220391855689206, 
0.390353381199264, 0.449529288924291, 1.05509598842432, 0.685004646781886, 
0.49448983035303, 0.404844993951199, 0.258984284247025, -0.0937984902249249, 
0.427242097428444, 0.49009745066537, 0.699241564470731, 0.832663178544514, 
0.879110956764365, 1.63339184366503, 0.698866847357994, 0.025060778952761, 
1.56447663478909, 0.638535321844652, 1.19538079787312, 0.917139796348902, 
0.952524385319089, 0.598417255025787, 0.715546433281182, 0.560314190326932, 
-0.0461962276873872, -0.0836273866014084, 1.0114851033927, 0.927805174115867, 
0.772718370347612, 0.597252001458124, 0.409565060890861, 0.246962509547855, 
0.199472186089233, -0.0547634384296711, 0.725849994659998, 0.850850255484772, 
0.660446406245002, 0.3022404645772, 0.151103171914374, 0.293675039974276, 
0.336555965555032, 0.250999959516663, -0.0169195106972378, 0.130381190085656, 
0.4475011658871, 0.53247668808218, 0.453060459040498, -0.415748071069495, 
0.538067207213544, -0.138927102659294, 0.536189195632252, 0.210276375121447, 
0.191911946614986, 0.113938104623705, 0.532966201172834, 0.18308114055264, 
0.498244467251398, -0.182397492006409, -0.321994083826936, 0.251460935252794
)
