N <-
101L
x <-
c(-2, -1.96, -1.92, -1.88, -1.84, -1.8, -1.76, -1.72, -1.68, 
-1.64, -1.6, -1.56, -1.52, -1.48, -1.44, -1.4, -1.36, -1.32, 
-1.28, -1.24, -1.2, -1.16, -1.12, -1.08, -1.04, -1, -0.96, -0.92, 
-0.88, -0.84, -0.8, -0.76, -0.72, -0.68, -0.64, -0.6, -0.56, 
-0.52, -0.48, -0.44, -0.4, -0.36, -0.32, -0.28, -0.24, -0.2, 
-0.16, -0.12, -0.08, -0.04, 0, 0.04, 0.08, 0.12, 0.16, 0.2, 0.24, 
0.28, 0.32, 0.36, 0.4, 0.44, 0.48, 0.52, 0.56, 0.6, 0.64, 0.68, 
0.72, 0.76, 0.8, 0.84, 0.88, 0.92, 0.96, 1, 1.04, 1.08, 1.12, 
1.16, 1.2, 1.24, 1.28, 1.32, 1.36, 1.4, 1.44, 1.48, 1.52, 1.56, 
1.6, 1.64, 1.68, 1.72, 1.76, 1.8, 1.84, 1.88, 1.92, 1.96, 2)
y <-
c(-0.846698636742454, -1.10949414630637, -1.59047410015731, -0.859240957241504, 
-1.34673153157382, -1.35810392689201, -1.47755285950022, -1.04623989363299, 
-1.80351413450995, -1.36269014925894, -1.81136892795279, -1.51532238575974, 
-1.49601276201874, -1.04902219452025, -1.28359648005783, -1.55287418020695, 
-1.0531687478902, -1.45537045139045, -1.65832499273567, -1.42245664366979, 
-1.57517707602671, -1.4797564804709, -1.85387203651875, -1.58999685626184, 
-1.28076142144529, -1.55508066083232, -1.40736621911883, -1.71531882835204, 
-1.15249517375195, -1.74338611498536, -0.99376685301043, -1.74252629848375, 
-1.56049408050673, -1.43634195672267, -1.70215090318136, -1.29330168170694, 
-1.53518085154939, -1.4237283037308, -1.56263455828747, -1.09146432913613, 
-1.55283268626103, -1.37623843978535, -1.07915136550365, -0.953114869140951, 
-1.13903246897632, -1.18929212447288, -1.21915380512415, -1.10518417729796, 
-0.610428629095045, -0.969080741795586, -0.593562427179695, -0.517342404259736, 
-0.542514513303785, -0.83305065471284, -0.272911244013854, -0.528549643557126, 
-0.200894489043723, 0.221022964259373, -0.300838060992464, 0.21356426192441, 
0.325156505944996, -0.112683972448319, 0.712560209797825, -0.52974742410145, 
0.780782880537115, 0.398179628915524, 0.76763760415918, 0.104906246450085, 
0.758519528308333, 1.12662379866885, 0.831160010880981, 0.809225513742506, 
0.763741014484227, 0.935409735148346, 0.608349235660126, 1.08683387331516, 
0.548991025713239, 0.756575687648509, 1.67268713118869, 0.585986472159969, 
1.05428410904222, 0.830637300049579, 0.100192710940071, 1.19460174767995, 
0.612123299721216, 0.616343128538956, 0.795980201994585, 0.627957619857806, 
0.901116331894488, 0.854347137623156, 0.640057977755794, 1.19491325181787, 
1.2527253755881, 0.963427238410543, 0.994916460034217, 0.669783493007294, 
0.545706445448537, 0.518224589862736, 0.0429467556079141, 0.702529731575725, 
0.474816806309328)
