N <-
101L
x <-
c(-2, -1.96, -1.92, -1.88, -1.84, -1.8, -1.76, -1.72, -1.68, 
-1.64, -1.6, -1.56, -1.52, -1.48, -1.44, -1.4, -1.36, -1.32, 
-1.28, -1.24, -1.2, -1.16, -1.12, -1.08, -1.04, -1, -0.96, -0.92, 
-0.88, -0.84, -0.8, -0.76, -0.72, -0.68, -0.64, -0.6, -0.56, 
-0.52, -0.48, -0.44, -0.4, -0.36, -0.32, -0.28, -0.24, -0.2, 
-0.16, -0.12, -0.08, -0.04, 0, 0.04, 0.08, 0.12, 0.16, 0.2, 0.24, 
0.28, 0.32, 0.36, 0.4, 0.44, 0.48, 0.52, 0.56, 0.6, 0.64, 0.68, 
0.72, 0.76, 0.8, 0.84, 0.88, 0.92, 0.96, 1, 1.04, 1.08, 1.12, 
1.16, 1.2, 1.24, 1.28, 1.32, 1.36, 1.4, 1.44, 1.48, 1.52, 1.56, 
1.6, 1.64, 1.68, 1.72, 1.76, 1.8, 1.84, 1.88, 1.92, 1.96, 2)
y <-
c(-1.82462493109364, -1.73220262886841, -1.46234574886249, -1.51228197421653, 
-1.76852276384954, -1.5982148621241, -1.68257455877919, -1.56160899178566, 
-1.47602201727021, -1.77937144361005, -1.42271895642411, -1.71755254234969, 
-1.12650988693589, -0.844350064679592, -1.88162750895707, -1.54532885518551, 
-1.54784332789784, -0.863558187158961, -0.911449547677562, -0.874376125286643, 
-0.993714742936838, -0.946280713993714, -1.13733740697096, -0.745949514693167, 
-1.24299598229176, -1.2802947557193, -1.2114922145313, -1.30142018634287, 
-1.19128780192875, -0.726333323016817, -1.08817725978313, -1.064923865941, 
-1.20292798107704, -1.12827064262252, -1.13262410004536, -0.548417196410845, 
-0.302684534288051, 0.0155617665685888, -0.130707726881598, -0.621073616565531, 
-0.618623305453947, -0.806390204870804, -0.789408318590572, -0.463065690610689, 
-0.655289786829355, -0.555243209230022, -0.031109029136405, -0.286345434724809, 
0.178085458504097, -0.521094670556719, -0.0311360045216988, -0.309296433711659, 
0.0387504349385854, 0.297304203874752, -0.612506628590875, 0.630320327716863, 
-0.396252059079732, -0.0774491492288904, -0.301392676935127, 
-0.357199822799046, -0.583548895644748, -0.841003332279357, -0.82067113518517, 
-0.614830633703823, -0.461020608920864, -0.0381249925427475, 
0.351705958725715, -0.807640530825823, -1.04374076365208, -0.798206167137443, 
-1.28019621346501, -0.465243240628531, -1.16230579865847, -1.36782525132868, 
-1.01878901045607, -1.07774079274158, -1.00033821658836, -1.63927132335469, 
-1.65630004968974, -1.56115025364517, -1.44332376275438, -2.1351961463497, 
-1.88704980383818, -1.6770213571333, -1.55318348902531, -2.48258558969609, 
-2.0249681794025, -1.71488035622577, -2.03129157545474, -2.62354964573062, 
-2.11692494996492, -2.49382713871642, -1.79088486076445, -2.20727062338872, 
-2.40396734185627, -2.54368268592158, -2.56876647313907, -2.99238909203152, 
-2.81659063275216, -2.35090959326208, -2.0682672017952)
