x <-
c(-2, -1.96, -1.92, -1.88, -1.84, -1.8, -1.76, -1.72, -1.68, 
-1.64, -1.6, -1.56, -1.52, -1.48, -1.44, -1.4, -1.36, -1.32, 
-1.28, -1.24, -1.2, -1.16, -1.12, -1.08, -1.04, -1, -0.96, -0.92, 
-0.88, -0.84, -0.8, -0.76, -0.72, -0.68, -0.64, -0.6, -0.56, 
-0.52, -0.48, -0.44, -0.4, -0.36, -0.32, -0.28, -0.24, -0.2, 
-0.16, -0.12, -0.08, -0.04, 0, 0.04, 0.08, 0.12, 0.16, 0.2, 0.24, 
0.28, 0.32, 0.36, 0.4, 0.44, 0.48, 0.52, 0.56, 0.6, 0.64, 0.68, 
0.72, 0.76, 0.8, 0.84, 0.88, 0.92, 0.96, 1, 1.04, 1.08, 1.12, 
1.16, 1.2, 1.24, 1.28, 1.32, 1.36, 1.4, 1.44, 1.48, 1.52, 1.56, 
1.6, 1.64, 1.68, 1.72, 1.76, 1.8, 1.84, 1.88, 1.92, 1.96, 2)
N <-
101L
D <-
3
y <-
structure(c(1.85080688196045, 1.7729176588961, 1.70542152611143, 
1.69249777993528, 1.88190909849118, 1.64079310378154, 1.43269502736861, 
1.77399089169205, 2.09941201660755, 1.45624145237898, 1.87977211954293, 
1.60322512708723, 1.37955809886488, 2.45698135907012, 1.61908779892521, 
2.17302255034276, 2.10873900163619, 2.03166233238431, 1.43602544898942, 
1.87519734006176, 1.58687484155172, 1.85198810784277, 2.03060544512563, 
2.01018826199947, 1.53156741420476, 1.78401588341816, 2.16825928602988, 
2.16099291061951, 1.63121645353023, 2.16570017098852, 1.93950556099303, 
1.23842093053282, 2.09330213725924, 1.09649860401365, 1.32170985930695, 
1.68379996825169, 1.60885918501808, 1.89974794363657, 1.52908570722733, 
1.33609049709689, 1.75040194844807, 0.783763916946862, 0.690500642452709, 
1.37156161129883, 1.41917823843935, 1.18527051812087, 0.89364646839551, 
0.600781930120547, 0.818622019416115, 0.539271071705537, 0.503188723233447, 
0.771234543656973, 0.777229152905226, 0.932661801755005, 0.824330150243847, 
0.518851511556893, 0.262164009789411, 0.540153580379606, 0.528320746269158, 
0.274748081554988, 0.123481145236174, 0.540445976095022, 0.0483542173304303, 
-0.151828486183625, 0.250884088614543, 0.333721593395898, -0.122506925020322, 
0.0798215226806953, -0.220889335947293, -0.195704446125785, 0.0399715722134604, 
-0.851727049311723, -0.405381197626378, -0.490095434512566, -0.363301871731264, 
-0.228170459525242, 0.339484553369597, -0.176873839036301, 0.275445748827104, 
0.0784888225545734, -0.110069379852969, -0.185543002946194, 0.188963543564385, 
-0.297537578316283, -0.2258493440312, -0.889982344841739, -0.163770605062155, 
-0.077975527343986, -0.250176977802928, 0.163112746635206, 5.56430016955402e-05, 
-0.257111977287749, -0.256431802375595, -0.387751107846362, 0.349592275351204, 
0.246165820541821, -0.131257393157187, -0.749152444323166, -0.119111675892624, 
0.152080682101543, 0.340120723048383, -0.372591855107478, 0.11870280888967, 
-0.476722668163383, -0.805160439707583, -0.937863413479192, -0.58574599525487, 
-0.495232225637571, -0.813351970792465, -0.770240080340825, -0.82292952317096, 
-0.263946709652904, -0.304910564276818, -0.704512135841541, -0.562614547239927, 
-0.722815492782305, -0.443941935115474, -1.0592123892452, -0.932596501337774, 
-1.08673330018282, -1.55122299728797, -1.14901877517073, -1.09209928779461, 
-1.05708554420217, -1.71888027657506, -1.04287008982293, -1.54329685363656, 
-1.2207725450607, -1.42476036509873, -1.485474979066, -1.49026398701914, 
-1.01794979918831, -1.75035540993777, -1.96079753144575, -1.82547580261055, 
-1.53592012084892, -1.3982760461418, -1.17736721380213, -1.08879947850926, 
-1.8862415298125, -0.725095950974064, -1.19775542106492, -1.06175824758069, 
-1.86563318685553, -1.37340486169086, -1.26635919183946, -1.14916480905497, 
-1.2887855408277, -1.06117984472451, -1.00869087629696, -1.27640292326681, 
-0.790541708711974, -0.784064285392796, -0.100897582620619, -0.398297681791607, 
-0.412114333947478, 0.108399578259607, -0.564580893787902, -0.184107027641684, 
-0.214188879827426, 0.0768898573128873, 0.323734597108254, 0.266738732791122, 
0.786126239245904, 0.360355628656573, 0.0678584757173083, 0.914087787715593, 
0.457961317342724, -0.0767337835387023, 1.02400000153741, 1.10228011945239, 
1.60714757153967, 0.7578903142407, 0.766233995250173, 1.48465557808463, 
0.580114245859938, 0.898417279690788, 0.906771723231811, 0.419452796339057, 
0.82614661000677, 0.887895042988785, 0.430593218732723, 0.90594325112361, 
-0.0416092555444198, 0.136022186835595, -0.218156936146513, -0.219322370643037, 
0.206699699722362, -0.484184059087702, 0.157895219953235, -1.13436989657892, 
-0.727210951573579, -0.242670934536214, -0.57398360628093, -0.635702571779466, 
-1.34086196531153, -0.800256533771014, -0.951120496864771, -0.74460759686016, 
-0.507774704948498, -1.06623035779264, -0.771932658055974, 1.81774921918383, 
1.75345627646139, 1.95689889301569, 1.6018703876662, 1.16914436528863, 
1.05981837758662, 1.66045286954859, 1.13149008824299, 1.53634010714743, 
1.25291838604084, 1.24602670313689, 1.06938165921158, 1.2315538232183, 
0.849537537666825, 1.32204571079381, 0.991808009188552, 0.817838647283662, 
0.229826259917676, 0.38673829524502, 0.319531250688212, 0.341701497311194, 
0.258415341284857, -0.114341642533869, 0.130000056883739, 0.664892020540623, 
0.164125402391032, -0.0815594147504507, 0.110107378523717, -0.146258286864175, 
-0.0518219604322199, -0.247484341476335, 0.399652739826033, -0.0573299601634147, 
0.474551414739056, 0.107427580287204, -0.101566699347329, -0.141798194055453, 
-0.121079523777696, 0.0376743694906074, 0.151625096219098, 0.536310291453817, 
0.0111823064396121, 0.693455410027549, 0.992547604792695, 0.264263920425454, 
0.263731463390726, 0.562422606482548, 0.717725497893576, 0.536850124201102, 
0.468735770536178, 0.892815939144977, 1.17760303122882, 0.68600005257474, 
1.32237799091553, 1.03224461155446, 0.773487330948074, 0.833109423561873, 
1.46199838158728, 0.811418623720681, 0.615548437290266, 0.870680986085405, 
0.761862618261857, 0.800910620562656, 1.20103396254524, 0.662620523609836, 
0.813258365942241, 0.686318743294303, 0.579228398747691, 0.71717916704675, 
0.496833779535137, 0.851929017275388, 0.615331955886112, 0.630148736530829, 
0.299229244223407, 0.421872934847168, 0.909241437590921, 0.554748316612845, 
0.220877189960905, -0.189051205102059, 0.523444173216351, 0.26011505370099, 
-0.0519196554629011, -0.759041141235521, 0.294416903396127, 0.0623029571619674, 
-0.41450227475382, -0.0394986088153797, -0.253865191351883, -0.772507269970102, 
-0.179828511031394, -0.295267815532248, -1.18762485145546, -0.530779771261012, 
-0.320889507685936, -0.871237815362008, -0.133024507178693, -0.283384626172509, 
-0.514702427630174, -0.434197388823234, -0.546300264808504, -1.11322551372419
), .Dim = c(101L, 3L))
Omega <-
structure(c(1, -0.425535422118046, 0.299584102956175, -0.425535422118046, 
1, 0.36699904287467, 0.299584102956175, 0.36699904287467, 1), .Dim = c(3L, 
3L))
