x <-
c(-2, -1.96, -1.92, -1.88, -1.84, -1.8, -1.76, -1.72, -1.68, 
-1.64, -1.6, -1.56, -1.52, -1.48, -1.44, -1.4, -1.36, -1.32, 
-1.28, -1.24, -1.2, -1.16, -1.12, -1.08, -1.04, -1, -0.96, -0.92, 
-0.88, -0.84, -0.8, -0.76, -0.72, -0.68, -0.64, -0.6, -0.56, 
-0.52, -0.48, -0.44, -0.4, -0.36, -0.32, -0.28, -0.24, -0.2, 
-0.16, -0.12, -0.08, -0.04, 0, 0.04, 0.08, 0.12, 0.16, 0.2, 0.24, 
0.28, 0.32, 0.36, 0.4, 0.44, 0.48, 0.52, 0.56, 0.6, 0.64, 0.68, 
0.72, 0.76, 0.8, 0.84, 0.88, 0.92, 0.96, 1, 1.04, 1.08, 1.12, 
1.16, 1.2, 1.24, 1.28, 1.32, 1.36, 1.4, 1.44, 1.48, 1.52, 1.56, 
1.6, 1.64, 1.68, 1.72, 1.76, 1.8, 1.84, 1.88, 1.92, 1.96, 2)
N <-
101L
D <-
3
y <-
structure(c(1.33015618876462, 0.848727000223764, 1.29050565991798, 
1.19752062087715, 1.04043952633908, 0.396484686912005, 1.10564840246294, 
0.538351777501138, 0.39259530555075, 0.648160292220007, 0.697512004220414, 
0.942136779905077, 0.548368502409257, -0.0366105466815925, 0.445753061253984, 
0.732075749408636, 0.428453175442534, 0.930162414117584, 0.0620134301311299, 
0.853933275817594, 0.296181340831677, 0.496965093421066, 0.502458753096672, 
-0.195465534508412, -0.630602402132618, 0.389186864637938, 0.0778489899089112, 
0.212176762853828, -0.279375609586693, 0.059350184826347, 0.0676504547501396, 
-0.4772860702493, 0.0843243350219553, -0.150984722584667, -0.679735038829137, 
-0.531501821046413, -0.317870615029911, 0.0584619108174354, -0.156727709915176, 
-0.0505734529819444, -0.549542932298407, -0.214926796585121, 
-0.349957023205394, -1.04068539000174, -0.509676340644879, -0.625061439506124, 
-0.553031843364552, -0.891663456784922, -0.796231607088131, -1.09286139394, 
-1.2420561244335, -1.20902355606239, -0.992267212282201, -0.306003247815934, 
-0.678035257871364, -0.515165522238606, -1.18544134193875, -0.556454920609457, 
-1.19149928965651, -1.54435883520693, -1.08107775777747, -0.980974328831774, 
-1.65098029224686, -0.740115497446839, -1.27609142684047, -0.75983761173462, 
-0.741930457325763, -1.38164770094509, -0.732865703756037, -0.30376769633075, 
-0.536059141825195, -1.18264868049232, -0.626787917383085, -0.279720899381278, 
-0.242992036657984, -0.112676665544541, -0.350652167289706, -0.622858132414112, 
-0.147136714556118, -0.212676240704066, -0.521268989631613, -0.0674610115022072, 
-0.15989754552842, -0.394183705032506, -0.551248923340533, -0.160374715966629, 
-0.138984175603231, 0.357782164160797, -0.213542079992911, 0.0783279833599063, 
0.124102597447089, -0.152845374928259, -0.25233487910923, 0.272353818756433, 
0.160958770392595, 0.635898071970692, -0.172919372835933, 0.103360794282404, 
-0.406030812344967, 0.528960808737515, 0.102122931251147, -0.764571210658434, 
-0.282976152711483, -0.794981488467865, -0.972150793796509, -1.80052752860259, 
-0.441049371275452, -0.211646623652942, -0.585730657557045, -0.51255558274443, 
0.0685807844033997, -0.360630696774742, -0.436408142045235, 0.350360376898969, 
0.0423859501990666, -0.0706377373303276, -0.433304727613978, 
0.232029578932862, 0.0525921109074217, -0.150059770374927, 0.563838857706201, 
0.710522894946087, 0.325382299828667, 0.546195027320043, 1.05654266203085, 
1.12035484887972, 0.501199531947293, 0.448552354645002, 0.720753777735324, 
1.02408930954327, 1.11214187279699, 0.712266305785697, 1.08419063767945, 
1.15324610670449, 1.73213597682575, 1.44643606459826, 1.58141230484703, 
1.76739977724001, 2.17557910882021, 2.11283675798873, 1.62455897377335, 
1.48458719360826, 2.00483249429619, 1.93527506205894, 1.69800182708229, 
1.79023697778706, 2.27427546869766, 2.09027267877558, 2.11592353508248, 
2.36009526569334, 2.67687786849469, 1.91408754110666, 1.94075206073425, 
2.44962300078148, 2.37799051043888, 2.50000098090669, 1.98124345801764, 
2.31345789717193, 2.07895995608076, 2.22137248787918, 1.94109922581621, 
1.94827613485004, 1.9817501934834, 1.8644865354119, 1.96086394818023, 
1.70086313562538, 1.07389159548817, 1.18013869886472, 1.87682567439295, 
1.96595304093906, 1.62875368807376, 0.887231068992765, 1.04740204645681, 
0.958478699161804, 1.51907495618094, 1.16728040713499, 0.899788715536045, 
1.49122114742654, 1.2945248946533, 0.412922417361609, 0.235641369895599, 
0.524687888690177, -0.146149442375086, 0.283936861979523, 0.13722852785584, 
-0.0965836977440172, 0.171797757435258, -0.28524291076113, -0.703603036951724, 
0.108532891591235, -0.282622773034588, -0.0651584841830905, -0.0408086271545151, 
-0.194467391893362, -0.411131147519562, -0.238920234600119, -0.143218535989561, 
0.276887856584388, -0.235075406047205, 0.0657443377335813, -0.195662364650832, 
0.0381332546984051, 0.360346505542286, 0.0708509104710706, -0.446670393157219, 
0.0433727863664557, 0.431784764832977, -0.641159806220499, -0.443440400295747, 
0.0263456285056667, -0.244352991984794, -0.691064456333854, -0.900646905298575, 
-0.67737404638002, -0.246893089294703, -0.569047097428024, -0.791712915625504, 
-0.572570524853037, -0.315465230911559, -0.752951353186104, -0.668220574270662, 
-0.496090269203134, -0.918351775161907, -0.834304617470367, -0.652010371681979, 
-0.505149233833228, -0.109192556436062, -0.577620838248216, -0.733112675247678, 
-0.493733952182857, -0.784718949239985, -0.559516461298376, -0.334617750045033, 
-0.584978738302048, -0.489958965875162, -1.04570931840899, -0.576726132955748, 
-1.54716201212925, -0.570350829304482, -1.40917066687913, -0.950690526040009, 
-1.14591290387109, -0.935660297023564, -1.10498927923891, -0.732001404984836, 
-1.31344763269271, -1.27612405193325, -1.28012103218927, -0.972329433281513, 
-1.32149374153198, -1.69357601033345, -1.73862339657512, -2.01605814315261, 
-1.28471159437316, -1.27970013106347, -1.3720284019679, -1.01574391331197, 
-1.00648925976531, -0.97173066323906, -1.45343390834429, -0.974326626805726, 
-1.3355914918785, -1.03070850817412, -1.08199715599872, -1.20888099749787, 
-0.782977080329379, -0.513836509867092, -0.625078879641375, -0.683804599791741, 
-0.75635764572075, -0.838208918421125, -0.440354899055321, -0.314151207754097, 
-0.365136483588564, -0.105103026173922, -0.168192016015067, -0.0691402839481684, 
0.256184412428929, 0.201036103213197, 0.0943742532618778, 0.475108163901858, 
0.814150596862045, 0.0166023670424912, 0.437313179585588, 0.681284031732054, 
0.854040942610908, 1.0965581697198, 0.673669780485988, 1.11903595341159, 
0.666633777900458, 1.07619082203096, 1.30973125822284, 0.615410025682779, 
1.40933285313572, 1.39405887098448, 1.45537327931627, 0.92030205017416, 
1.64144654696338, 1.85215627653164, 1.46508534137321, 1.44146950930485, 
1.22133740668315, 1.17734485051731), .Dim = c(101L, 3L))
Omega <-
structure(c(1, -0.0352394206630188, 0.0428680762233603, -0.0352394206630188, 
1, 0.274819147730538, 0.0428680762233603, 0.274819147730538, 
1), .Dim = c(3L, 3L))
