N1 <-
101L
x1 <-
c(-2, -1.96, -1.92, -1.88, -1.84, -1.8, -1.76, -1.72, -1.68, 
-1.64, -1.6, -1.56, -1.52, -1.48, -1.44, -1.4, -1.36, -1.32, 
-1.28, -1.24, -1.2, -1.16, -1.12, -1.08, -1.04, -1, -0.96, -0.92, 
-0.88, -0.84, -0.8, -0.76, -0.72, -0.68, -0.64, -0.6, -0.56, 
-0.52, -0.48, -0.44, -0.4, -0.36, -0.32, -0.28, -0.24, -0.2, 
-0.16, -0.12, -0.08, -0.04, 0, 0.04, 0.08, 0.12, 0.16, 0.2, 0.24, 
0.28, 0.32, 0.36, 0.4, 0.44, 0.48, 0.52, 0.56, 0.6, 0.64, 0.68, 
0.72, 0.76, 0.8, 0.84, 0.88, 0.92, 0.96, 1, 1.04, 1.08, 1.12, 
1.16, 1.2, 1.24, 1.28, 1.32, 1.36, 1.4, 1.44, 1.48, 1.52, 1.56, 
1.6, 1.64, 1.68, 1.72, 1.76, 1.8, 1.84, 1.88, 1.92, 1.96, 2)
y1 <-
c(1.05251181439174, 1.12093469524002, 0.559227958345534, 1.01423603653287, 
1.16634770139969, 0.974837799493774, 1.08992886061551, 0.514689387928071, 
0.74934708178674, 1.16777041849884, 0.764120552634549, 0.39855376585558, 
0.70383815694257, 0.845441448895092, 0.515858613749233, 0.563285494921864, 
0.897539268539013, 0.461278213818754, 0.3974923294017, 0.420494190271444, 
0.0581371278909611, -0.492987400664685, 0.19528398116709, -0.233367783672776, 
0.0640652135630927, 0.187542295802536, -0.258305383697131, -0.312250611671382, 
-0.154812413711923, -0.121094588015419, -0.718360710202086, -0.872427033545854, 
-0.217325568441205, -0.319324476837043, -0.543377076130259, -0.577639862709982, 
-0.908696154979233, -1.09207602516067, -0.847953936318857, -0.454815860337382, 
-0.209248921177239, -0.461134150952504, -0.449501043926654, 0.0262681353082557, 
-0.324608491188101, -0.749043834317499, -0.976156641793089, -0.654765197223305, 
-0.111244260549407, -0.305640184233857, 0.243397074166106, -0.84532612892263, 
-0.370575923529553, -0.44027747299519, -0.465933466688772, -0.816908111881373, 
-0.208136160478311, -0.126383525042294, -0.000727348905282213, 
-0.356988042171594, -0.12555662976829, -0.456365199352809, -0.662214794270885, 
-0.660717432282488, -0.268021505742873, -0.0346375754698678, 
-0.6518981926072, -0.26386836935103, -0.661145084334541, 0.445801100165177, 
-0.0335999151796256, -1.10514316154399, -0.841540010472625, -0.244048471682153, 
-0.945810678821313, -0.58005686097408, -0.998878985457873, -0.798412119739061, 
-0.466969453925468, -0.664578218566547, -0.769580506281664, -0.815443731400129, 
-0.542712597338462, -0.904441409781457, -0.688199308070076, -0.87025447197126, 
-0.4545845528556, -0.592401033625607, -0.272588729044916, -0.443142459348119, 
-0.892384839522334, -0.85373506173876, -0.953257719804784, 0.388215275067815, 
-0.624544795036109, -0.370415866904519, -0.954736038886406, 0.395577711071768, 
0.109610910229945, -0.0054326081578053, 0.169481626749426)
N2 <-
161L
x2 <-
c(-3.2, -3.16, -3.12, -3.08, -3.04, -3, -2.96, -2.92, -2.88, 
-2.84, -2.8, -2.76, -2.72, -2.68, -2.64, -2.6, -2.56, -2.52, 
-2.48, -2.44, -2.4, -2.36, -2.32, -2.28, -2.24, -2.2, -2.16, 
-2.12, -2.08, -2.04, -2, -1.96, -1.92, -1.88, -1.84, -1.8, -1.76, 
-1.72, -1.68, -1.64, -1.6, -1.56, -1.52, -1.48, -1.44, -1.4, 
-1.36, -1.32, -1.28, -1.24, -1.2, -1.16, -1.12, -1.08, -1.04, 
-1, -0.96, -0.92, -0.88, -0.84, -0.8, -0.76, -0.72, -0.68, -0.64, 
-0.6, -0.56, -0.52, -0.48, -0.44, -0.4, -0.36, -0.32, -0.28, 
-0.24, -0.2, -0.16, -0.12, -0.08, -0.04, 0, 0.04, 0.08, 0.12, 
0.16, 0.2, 0.24, 0.28, 0.32, 0.36, 0.4, 0.44, 0.48, 0.52, 0.56, 
0.6, 0.64, 0.68, 0.72, 0.76, 0.8, 0.84, 0.88, 0.92, 0.96, 1, 
1.04, 1.08, 1.12, 1.16, 1.2, 1.24, 1.28, 1.32, 1.36, 1.4, 1.44, 
1.48, 1.52, 1.56, 1.6, 1.64, 1.68, 1.72, 1.76, 1.8, 1.84, 1.88, 
1.92, 1.96, 2, 2.04, 2.08, 2.12, 2.16, 2.2, 2.24, 2.28, 2.32, 
2.36, 2.4, 2.44, 2.48, 2.52, 2.56, 2.6, 2.64, 2.68, 2.72, 2.76, 
2.8, 2.84, 2.88, 2.92, 2.96, 3, 3.04, 3.08, 3.12, 3.16, 3.2)
