N1 <-
101L
x1 <-
c(-2, -1.96, -1.92, -1.88, -1.84, -1.8, -1.76, -1.72, -1.68, 
-1.64, -1.6, -1.56, -1.52, -1.48, -1.44, -1.4, -1.36, -1.32, 
-1.28, -1.24, -1.2, -1.16, -1.12, -1.08, -1.04, -1, -0.96, -0.92, 
-0.88, -0.84, -0.8, -0.76, -0.72, -0.68, -0.64, -0.6, -0.56, 
-0.52, -0.48, -0.44, -0.4, -0.36, -0.32, -0.28, -0.24, -0.2, 
-0.16, -0.12, -0.08, -0.04, 0, 0.04, 0.08, 0.12, 0.16, 0.2, 0.24, 
0.28, 0.32, 0.36, 0.4, 0.44, 0.48, 0.52, 0.56, 0.6, 0.64, 0.68, 
0.72, 0.76, 0.8, 0.84, 0.88, 0.92, 0.96, 1, 1.04, 1.08, 1.12, 
1.16, 1.2, 1.24, 1.28, 1.32, 1.36, 1.4, 1.44, 1.48, 1.52, 1.56, 
1.6, 1.64, 1.68, 1.72, 1.76, 1.8, 1.84, 1.88, 1.92, 1.96, 2)
y1 <-
c(1.42711478038695, 1.19485663337317, 0.858319847163593, 0.765973355203382, 
0.491563224744464, 0.629106754651187, 0.776766811764819, 0.606726553308008, 
0.833233618213511, 0.259055059725718, 0.619284557797876, 0.314509502116078, 
0.480618204221345, 0.384378613195178, -0.432716356546796, 0.102133421076172, 
0.129690349221859, 0.143458526680165, -0.031811270867815, -0.221399836548807, 
-0.49801943111581, 0.187737459051578, 0.484494012171842, 0.00427576285681493, 
-0.264369810539061, -0.301690211623007, 0.573309494771075, -0.677920191083779, 
-0.649911574832256, -0.480354187256529, -0.151914125536999, -0.112558474288145, 
0.146854254609205, -0.131749022607068, 0.0439553407978687, 0.676524285165321, 
0.598312873973718, 0.802593227245639, 0.60535801662528, 0.261191019970317, 
0.876631153227687, 0.31924592170654, 0.614593994903133, 0.989145164479155, 
1.69901721934692, 0.986510964573432, 0.836523911201538, 0.788959664475585, 
1.33787088506206, 1.01624612026806, 1.54341072260848, 1.66825100783714, 
1.87473040716351, 1.5511255242091, 2.01350572945178, 2.03646701027852, 
1.29922329823279, 2.14361514378029, 0.704648400699555, 2.33226904398861, 
1.74098587359381, 1.62896548171048, 2.27745370885333, 2.13273843119559, 
2.08511837490513, 1.92339405420839, 0.871838806368266, 2.02900897315048, 
1.85346992769768, 1.32598686952942, 0.865877041186685, 1.69743778825479, 
2.19149554817155, 0.980603725850156, 1.29245947800049, 0.945149682729688, 
1.10758780813355, 1.58998313918307, 1.50761915973638, 1.04203186859162, 
0.639631499541062, 0.243003832028896, 1.14844849246598, 0.810456773010966, 
0.411222523312712, 0.0329849686078354, -0.421086615480365, 0.503198000511892, 
0.141048364629651, -0.115233487983434, 0.199595248011618, -0.0577657844558073, 
-0.0394903906754, 0.257166118680497, -0.333184273188114, -0.338846738449087, 
-0.0296666126885999, 0.0739470901417705, -0.350112685696808, 
0.000257418132655146, -0.370446403923597)
N2 <-
161L
x2 <-
c(-3.2, -3.16, -3.12, -3.08, -3.04, -3, -2.96, -2.92, -2.88, 
-2.84, -2.8, -2.76, -2.72, -2.68, -2.64, -2.6, -2.56, -2.52, 
-2.48, -2.44, -2.4, -2.36, -2.32, -2.28, -2.24, -2.2, -2.16, 
-2.12, -2.08, -2.04, -2, -1.96, -1.92, -1.88, -1.84, -1.8, -1.76, 
-1.72, -1.68, -1.64, -1.6, -1.56, -1.52, -1.48, -1.44, -1.4, 
-1.36, -1.32, -1.28, -1.24, -1.2, -1.16, -1.12, -1.08, -1.04, 
-1, -0.96, -0.92, -0.88, -0.84, -0.8, -0.76, -0.72, -0.68, -0.64, 
-0.6, -0.56, -0.52, -0.48, -0.44, -0.4, -0.36, -0.32, -0.28, 
-0.24, -0.2, -0.16, -0.12, -0.08, -0.04, 0, 0.04, 0.08, 0.12, 
0.16, 0.2, 0.24, 0.28, 0.32, 0.36, 0.4, 0.44, 0.48, 0.52, 0.56, 
0.6, 0.64, 0.68, 0.72, 0.76, 0.8, 0.84, 0.88, 0.92, 0.96, 1, 
1.04, 1.08, 1.12, 1.16, 1.2, 1.24, 1.28, 1.32, 1.36, 1.4, 1.44, 
1.48, 1.52, 1.56, 1.6, 1.64, 1.68, 1.72, 1.76, 1.8, 1.84, 1.88, 
1.92, 1.96, 2, 2.04, 2.08, 2.12, 2.16, 2.2, 2.24, 2.28, 2.32, 
2.36, 2.4, 2.44, 2.48, 2.52, 2.56, 2.6, 2.64, 2.68, 2.72, 2.76, 
2.8, 2.84, 2.88, 2.92, 2.96, 3, 3.04, 3.08, 3.12, 3.16, 3.2)
