x <-
structure(c(2, -0.04, 0.56, 0.4, -0.36, -1.92, 1.36, 0.76, -1.88, 
-0.72, -1.16, 0.96, 0.12, 1, -0.12, 1.64, -1.6, -1.16, 1.16, 
1.28, -1.16, -1.84, 1.6, -1.88, 0.72, -2, -2, -0.88, 1.8, 0.64, 
1.44, -0.84, -1.28, -2, 1.16, -1.64, -0.92, 0.4, 1, 1.64, -0.16, 
1.96, -1.88, -1.44, 0.24, 1.4, 1.48, -1.84, 0.96, 1.6, 1.52, 
0.6, 1.88, -0.84, 0.76, -0.84, -0.44, 0.96, 1.64, -1.04, 0.64, 
-0.72, -0.84, 1.28, -1.12, 0.4, -0.72, 1, -1.8, -1.56, 0.4, 0.24, 
-1.24, -0.52, -1.36, 1.76, 1.24, 1.4, 1.84, -1.76, 1.8, -1.64, 
0.64, 0, -1.08, -1.28, -0.68, 0.92, -0.36, 0.12, -1.4, 0.08, 
-0.84, 0.2, 1.16, 0.04, 1.88, 1.36, 1.96, 0.84, 0.32, 1.24, 1, 
-1.4, -1.52, 1.92, -0.24, -0.16, -1.36, 0.36, -0.92, -1.08, 0.76, 
-0.88, 1.24, -1.64, 1.28, -0.28, 1.04, 0.64, -0.24, 0.52, -2, 
-1.16, 0.84, -1.16, 1.28, -0.76, 0.76, 1.72, -1.56, -1.52, 0.72, 
-0.28, 1.36, 1.88, -1.72, -0.16, 0.8, -1.68, 1.96, -1, -1.84, 
0.76, 1.16, -0.6, -0.56, -0.88, -1.68, -0.56, -1.32, 0.12, 0, 
1.76, -0.64, -0.16, -1.68, 1.44, -0.44, 0.92, -1.32, -0.2, 1.08, 
-1.76, 1.24, -0.8, -0.56, -0.76, -1.88, 0.08, 0.72, 1.6, -1.92, 
1.96, -0.8, 1.76, 0.72, 2, 1.24, -1.88, 0.96, -0.64, 1.32, 0.12, 
-0.92, 1.2, -1.64, 1.32, -0.92, 1, 1.84, -1.68, 1.4, 1.2, -0.48, 
-0.72, -1.2, 0.24, 1.52, 0.08, 0.32, 0.64), .Dim = c(101L, 2L
))
N <-
101
D <-
2