N <- 2
y <- c(3.70819294299116, 4.98911472926553)
