y <- 3.351256775325345
sigma_y <- 1.5468357100227781
mu_0 <- 5.6412109834971975
sigma_0 <- 1.435260855904229
