N <- 2
y <- c(3.70819294299116, 4.98911472926553)
J <- 6
K <- 2
movie <- c(6, 3)
rater <- c(2, 2)
