N_teams <- 32
N_games <- 64
team_1 <- 
c(1, 20, 1, 28, 28, 23, 4, 5, 4, 32, 32, 11, 7, 15, 7, 27, 27, 22, 8, 9, 8, 17, 17, 26, 18, 6, 18, 30, 30, 13, 2, 29, 2, 24, 24,
12, 3, 21, 3, 19, 19, 14, 10, 16, 10, 25, 25, 31, 1, 7, 11, 26, 6, 3, 2, 10, 1, 6, 11, 2, 1, 11, 1, 3)
score_1 <- 
c(3, 1, 0, 0, 1, 1, 1, 3, 0, 2, 0, 2, 3, 2, 2, 0, 1, 2, 1, 1, 2, 0, 0, 0, 2, 3, 2, 1, 0, 0, 2, 0, 1, 1, 2, 3, 4, 1, 2, 2, 0, 2,
2, 1, 1, 2, 0, 1, 1, 2, 2, 1, 2, 2, 1, 2, 2, 0, 0, 1, 1, 0, 0, 1)
team_2 <- 
c(23, 28, 20, 23, 1, 20, 11, 32, 5, 11, 4, 5, 22, 27, 15, 22, 7, 15, 26, 17, 9, 26, 8, 9, 13, 30, 6, 13, 18, 6, 12, 24, 29, 12, 2,
29, 14, 19, 21, 14, 3, 21, 31, 25, 16, 31, 10, 16, 5, 8, 20, 22, 24, 31, 18, 19, 7, 3, 26, 10, 3, 2, 11, 2)
score_2 <- 
c(1, 0, 0, 4, 4, 3, 5, 1, 2, 3, 3, 0, 0, 1, 1, 0, 4, 1, 3, 2, 1, 1, 1, 0, 1, 0, 5, 2, 3, 0, 1, 0, 0, 0, 3, 1, 0, 2, 2, 2, 1, 1,
1, 1, 0, 4, 1, 1, 1, 0, 1, 1, 0, 1, 0, 1, 1, 1, 0, 0, 7, 0, 3, 0)
prior_score <- 
c(0.82615277587799, 0.772852596789088, 0.719552417700185, 0.666252238611283, 0.61295205952238, 0.559651880433477,
0.506351701344575, 0.453051522255672, 0.39975134316677, 0.346451164077867, 0.293150984988964, 0.239850805900062, 0.186550626811159,
0.133250447722257, 0.0799502686333539, 0.0266500895444513, -0.0266500895444513, -0.0799502686333539, -0.133250447722257, -0.186550626811159,
-0.239850805900062, -0.293150984988964, -0.346451164077867, -0.39975134316677, -0.453051522255672, -0.506351701344575, -0.559651880433477,
-0.61295205952238, -0.666252238611283, -0.719552417700185, -0.772852596789088, -0.82615277587799)
df <- 7
b <- 0
