I <- 1
J <- 3
K <- 2
N <- 5
ii <- c(1, 1, 1, 1, 1)
jj <- c(1, 3, 3, 1, 3)
kk <- c(1, 1, 2, 3, 3)
y <- c(1, 1, 0, 1, 1)
