I <- 2
J <- 3
y <- structure(c(1, 1, 0, 0, 0, 1), .Dim=c(2, 3))
