I <- 2
a <- c(3.70819294299116, 4.98911472926553)
b <- c(6.3344079550739476, 5.93334017268872)
