I <- 2
J <- 3
y <- structure(c(1, 1, 0, 0, 0, 1), .Dim=c(2, 3))
mu_theta <- 5.5155341857423448
sigma_theta <- 2.4293360748575767
mu_b <- 3.205148245631666
sigma_b <- 4.5917108716024551
