K <-
2
V <-
5
M <-
25
corpus <-
structure(c(4, 1, 1, 1, 0, 0, 0, 0, 0, 0, 2, 0, 0, 0, 3, 3, 0, 
1, 0, 0, 1, 4, 0, 1, 1, 1, 1, 6, 6, 0, 0, 1, 1, 0, 0, 1, 0, 0, 
0, 3, 2, 1, 1, 1, 1, 0, 2, 1, 3, 2, 2, 5, 6, 1, 2, 6, 3, 1, 2, 
3, 6, 1, 5, 1, 4, 6, 1, 3, 3, 3, 1, 2, 3, 2, 0, 1, 0, 0, 2, 4, 
2, 7, 2, 1, 7, 0, 6, 2, 4, 0, 0, 1, 1, 1, 2, 2, 0, 0, 0, 1, 0, 
2, 1, 0, 4, 7, 0, 1, 1, 3, 2, 4, 3, 3, 5, 0, 0, 1, 1, 2, 2, 0, 
0, 0, 2), .Dim = c(25L, 5L))
alpha <-
c(0.5, 0.5)
beta <-
c(0.2, 0.2, 0.2, 0.2, 0.2)
