N <- 1
a <- 3.70819294299116
b <- 4.98911472926553
sigma <- 4.3344079550739476
x <- c(5.93334017268872)
