N <- 2
K <- 3
X <- structure(c(3.5468357100227781, 5.6412109834971975, 3.4352608559042288, 5.5155341857423448, 4.4293360748575772, 3.205148245631666), .Dim=c(2, 3))
y <- c(6.5917108716024551, 5.959207928552023)
