N <-
100
K <-
2
X <-
structure(c(1, 1, 1, 1, 1, 1, 1, 1, 1, 1, 1, 1, 1, 1, 1, 1, 1, 
1, 1, 1, 1, 1, 1, 1, 1, 1, 1, 1, 1, 1, 1, 1, 1, 1, 1, 1, 1, 1, 
1, 1, 1, 1, 1, 1, 1, 1, 1, 1, 1, 1, 1, 1, 1, 1, 1, 1, 1, 1, 1, 
1, 1, 1, 1, 1, 1, 1, 1, 1, 1, 1, 1, 1, 1, 1, 1, 1, 1, 1, 1, 1, 
1, 1, 1, 1, 1, 1, 1, 1, 1, 1, 1, 1, 1, 1, 1, 1, 1, 1, 1, 1, 0.507328067906201, 
1.53260154882446, 3.91292023472488, 8.07886009570211, 5.12549930950627, 
9.0857648360543, 3.72509124688804, 5.95977402059361, 8.65114396205172, 
9.69724742230028, 8.82765574846417, 8.0464987992309, 1.91117837559432, 
5.97621644148603, 9.69551225891337, 9.40746597247198, 7.42127377772704, 
4.46606757584959, 4.91346358787268, 5.20750917261466, 8.60888902796432, 
7.89303531637415, 2.3096569837071, 6.31758658215404, 2.26071157725528, 
0.708643249236047, 2.31518820859492, 4.82616354012862, 7.73621813859791, 
7.39101707469672, 3.18168679485098, 7.61797866784036, 1.94191251182929, 
1.08615981647745, 6.01567466277629, 8.80545222433284, 6.80963168852031, 
1.12651099683717, 9.22755726147443, 4.82936889166012, 2.83023830736056, 
3.06597816525027, 2.98667514929548, 2.29693892644718, 7.09124287823215, 
7.1630224189721, 6.46266162861139, 7.16923107160255, 1.23017649631947, 
9.85442902194336, 4.10298435948789, 9.44249524036422, 5.01679378096014, 
3.50627436768264, 3.23523359140381, 8.11959446407855, 0.318629154935479, 
8.19387938827276, 2.80205589719117, 7.90206669131294, 2.91444341884926, 
0.501565947197378, 4.12775222444907, 1.25772389350459, 3.26489231549203, 
8.03326084045693, 5.52027114434168, 9.49844204820693, 9.83832313679159, 
6.06833420228213, 5.78228635713458, 0.159530621021986, 6.15989632671699, 
0.565385406371206, 3.32634499762207, 5.99907119991258, 6.42221869435161, 
7.78480920242146, 1.6154010198079, 6.40206620562822, 2.20054193399847, 
3.67591219721362, 9.65326205827296, 4.24420014023781, 9.98306149151176, 
8.26122796628624, 7.49002234777436, 6.38011312345043, 8.77622718457133, 
4.10558220697567, 5.46563858631998, 2.48607469722629, 3.68429954629391, 
3.36249730316922, 7.73126894375309, 1.9974720152095, 1.90315729007125, 
5.13465406373143, 3.16930384142324, 2.34431644668803), .Dim = c(100L, 
2L), .Dimnames = list(NULL, c("ones", "x")))
y <-
c(7.56552006313076, 9.76939121749182, 24.2448359410629, 20.9821514358478, 
24.9962784837968, 26.8915997662255, 13.5881436017663, 19.6545045571507, 
19.1911128631036, 30.8837628430223, 34.8955632358237, 18.8870707062523, 
10.6975736476306, 15.5098375621426, 26.7910429618714, 21.9293182116884, 
29.9959641528661, 14.4336073380027, 10.1660540700647, 17.663470456751, 
35.4119442930633, 22.404822512505, -1.22042046262689, 23.4344635414683, 
14.811312738173, 4.18069318567838, 12.5180973861314, 7.19119270574544, 
24.1295396797915, 20.4869594668355, 13.213607838582, 29.777945592468, 
12.2245266270612, 8.10797586076861, 19.8171814400653, 24.1081160733131, 
22.9087287329155, 12.6086166985308, 32.0757649197201, 15.3861261517808, 
8.61150222703634, 10.962062247365, 8.27427001372424, 11.508717141065, 
35.5241284496367, 13.7909400941573, 18.6517195943646, 29.6273245188661, 
2.04731665131452, 26.7040875860107, 11.4057023383477, 26.7880889846927, 
20.0020738656452, 18.2364874544682, 7.44406620641143, 20.7642578817391, 
2.05870239595777, 25.5704502520692, 16.6620364567942, 26.3144188598547, 
10.8802999470338, -4.30981317344027, 23.1527270482452, -2.11294361574222, 
9.16930389643637, 28.756143132455, 15.1350701685981, 26.7684106673939, 
37.0069536323432, 29.3135092857704, 16.952588572893, 0.354036449175697, 
16.330557176018, -13.7571897636472, 10.1466768142457, 18.7250139648418, 
27.3524614620177, 22.0018363467837, 13.0654884830186, 24.4052030316632, 
7.67434195964745, 10.2971540250292, 32.1844941240187, 20.3158889108271, 
32.2194118439009, 19.2800804786584, 24.3680263777705, 22.9323155709183, 
27.7139321374481, 10.1573110372689, 18.701397759763, 8.0429159918026, 
12.4139349424528, 9.39088662208607, 20.7470342090419, 12.365636243757, 
12.1422242014525, 26.5921509715383, 8.36492785003775, 16.6142577646007
)
