K <- 2
I <- 3
J <- 2
y <- structure(c(2, 1, 1, 1, 2, 1), .Dim=c(3, 2))
alpha <- c(3.1265750792953506, 0.45494492391993857)
beta <- structure(c(1.5550498489338422, 2.7987109819349936, 0.76923924401328714, 0.0488310769762584), .Dim=c(2, 2))
