nyears <-
10
y <-
c(45, 48, 44, 59, 62, 62, 55, 51, 46, 42)
m <-
structure(c(11, 0, 0, 0, 0, 0, 0, 0, 0, 10, 0, 0, 0, 0, 0, 0, 
0, 0, 0, 12, 0, 0, 0, 0, 0, 0, 0, 2, 7, 0, 0, 0, 0, 0, 0, 0, 
0, 0, 15, 0, 0, 0, 0, 0, 0, 0, 0, 13, 0, 0, 0, 0, 0, 0, 0, 1, 
5, 8, 0, 0, 0, 0, 0, 0, 1, 2, 12, 0, 0, 0, 0, 0, 0, 0, 1, 3, 
4, 0, 0, 0, 0, 0, 0, 1, 2, 10, 0, 0, 0, 0, 0, 0, 0, 0, 3, 12, 
0, 0, 0, 0, 0, 1, 0, 2, 11, 0, 0, 0, 0, 0, 0, 0, 0, 2, 16, 0, 
0, 0, 0, 0, 0, 0, 2, 12, 0, 0, 0, 0, 0, 0, 0, 3, 5, 12, 0, 0, 
0, 0, 0, 0, 1, 0, 11, 0, 0, 0, 0, 0, 0, 0, 0, 0, 11, 0, 0, 0, 
0, 0, 1, 0, 1, 10, 70, 52, 42, 51, 61, 66, 44, 46, 71, 13, 27, 
14, 20, 21, 14, 18, 21, 26), .Dim = c(18L, 10L))
