nyears <-
9
marray_j <-
structure(c(15, 0, 0, 0, 0, 0, 0, 0, 3, 34, 0, 0, 0, 0, 0, 0, 
0, 9, 56, 0, 0, 0, 0, 0, 0, 1, 8, 48, 0, 0, 0, 0, 0, 0, 1, 3, 
45, 0, 0, 0, 0, 0, 0, 1, 13, 27, 0, 0, 0, 0, 0, 0, 2, 7, 37, 
0, 0, 0, 0, 0, 0, 0, 3, 39, 198, 287, 455, 518, 463, 493, 434, 
405), .Dim = 8:9)
marray_a <-
structure(c(14, 0, 0, 0, 0, 0, 0, 0, 2, 22, 0, 0, 0, 0, 0, 0, 
0, 4, 34, 0, 0, 0, 0, 0, 0, 0, 2, 51, 0, 0, 0, 0, 0, 0, 0, 3, 
45, 0, 0, 0, 0, 0, 0, 0, 3, 44, 0, 0, 0, 0, 0, 0, 0, 3, 48, 0, 
0, 0, 0, 0, 0, 0, 2, 51, 43, 44, 79, 94, 118, 113, 99, 90), .Dim = 8:9)
y <-
c(32, 42, 64, 85, 82, 78, 73, 69, 79)
J <-
c(189, 274, 398, 538, 520, 476, 463, 438)
R <-
c(28, 36, 57, 77, 81, 83, 77, 72)
