N <- 2
N_edges <- 3
node1 <- c(2, 2, 1)
node2 <- c(1, 1, 2)
y <- c(3, 2)
x <- c(4.4293360748575772, 3.205148245631666)
