N <- 2
N_edges <- 3
node1 <- c(2, 2, 1)
node2 <- c(1, 1, 2)
E <- c(3.5155341857423448, 2.4293360748575767)
