N <- 2
M <- 3
K <- 6
d_int_1d_ar <- c(2, -2)
d_int_3d_ar <- structure(c(2, -2, -1, -2, 0, -2, 2, 1, -2, 0, -1, -1, 1, 2, 2, 1, 2, 1, 1, 2, -1, 1, -2, -2, 2, 0, -2, -1, 0, 0, 0, -2, 1, 1, -2, 2), .Dim=c(2, 3, 6))
J <- 1.02155614250367
d_real_1d_ar <- structure(c(3.04589269515222, 49.6570915433179), .Dim = c(2))

d_real_3d_ar <- structure(c(-6.12971794973726, -19.451495221026, -11.9522214440137, 60.1054993191529, -5.33035049962973, -21.2438836756923, 19.1631780822451, 16.6800418334108, 49.8936163759165, 23.4417624457858, -2.73819984604278, 47.7432448311535, 1.76283826423385, -5.94451365653199, 19.6851338178105, -5.93101936145506, 6.73022954554277, -35.030728473024, -24.9718087115038, 28.2652737394448, 35.6491361042763, 27.3789492759585, 11.1332202357812, -37.9518691229195, 10.8316768516376, -11.60221621762, -29.9416396030673, -49.2715151584702, 2.83468752995924, 16.3436539504855, -21.2807960354184, 7.70085239353076, -16.4464629570116, 26.6487934322668, -14.5614608540383, 33.1298636142679), .Dim = c(2L, 3L, 6L))

d_vec <- structure(c(-16.1601192323472,
-25.7565167756039), .Dim = c(2))
d_1d_vec <- structure(c(4.45484919939011, 75.8868569304329,
43.8103771891857, 10.8478953315263), .Dim = c(2L, 2L))
d_3d_vec <- structure(c(63.2616732314942,
2.44645848581768, 64.8410860219802, -20.9373459387508, -43.7524171522178,
7.45781065842551, -2.49828365664059, 15.6952617843236, 6.06214309652224,
6.70239340253286, -47.1374783985297, 17.1430124368255, -2.7314070282069,
38.140104902756, 26.5280494726171, 11.8828455272955, -1.71711453266152,
31.5415536930207, 39.5747675799555, 4.28082423590903, -16.2970339051911,
33.4352209887639, -25.3721356967016, -52.6163525174604, -19.1136136650407,
7.03342643841724, -6.50900386079677, 10.226432742643, 2.01123354183703,
24.0972343850176, -23.9004076357391, 37.725857493498, 4.71961741791105,
11.1633564231119, 17.9407843488508, -15.8311396586806, -4.27481949602176,
-16.1627321678597, 7.67890148407698, -14.4286711290357, 21.4367208066487,
-74.8481367447091, -0.694204603960414, 9.4229062282315, 1.59944244113324,
-6.97739313037039, -3.55784835113445, -28.7119566648963, -0.222433012931045,
46.0312157489221, 15.2511502204259, -12.4571378979399, 37.3053957128414,
-34.1007978048767, 2.06975274883037, 50.1923618843399, -19.2761907015049,
27.5521958661555, -14.0176465154031, -45.2314226755384, 37.567637860804,
9.63609153999978, -29.9779507803842, 24.7450880041857, 37.5562726788481,
-4.93742650941134, -5.4455484618925, -19.9780742900021, -16.5833965155817,
-31.2998426377537, -14.56148733378, -8.59678472063226), .Dim = c(2L, 3L, 6L, 2L))

d_row_vec <- structure(c(-35.4191600873315,
-30.2984433674024), .Dim = c(2))

d_1d_row_vec <- structure(c(-40.3108203980045, -21.4110446347726,
-51.034428950472, -23.0610058607418), .Dim = c(2L, 2L))

d_3d_row_vec <- structure(c(-34.0983234871504,
14.8164181557152, 3.53984662651784, -11.3647186279263, -4.28603528829225,
-20.263937319264, 10.819296550778, -20.0553959021027, 12.5077738543447,
-6.41937272572063, -18.9292006553843, -29.8616909254274, 68.2932138599646,
-3.46595652972869, -6.72000290174615, 17.210351409588, 14.6950796343816,
10.3831333711523, 0.0650566677746711, 16.5997563540716, 36.2993455708465,
-23.3427924351299, -22.4285392195823, 14.156636753704, 42.3974348442914,
-14.2134525850813, -23.8352712676104, -1.0169748801061, -12.3376898046521,
31.986815611609, -2.38234711947346, 21.3357750942807, 11.8612294656217,
38.7615930895559, 20.6525081815281, 10.9704981201457, -3.44976426439376,
52.87992478101, 1.63941209080581, -48.1706492357819, -29.659016179773,
-5.8518849937592, -27.030461448581, -19.2023515015506, 0.757675810857271,
-2.66313026340283, 19.2159703990662, 19.663493065007, 19.9595150661123,
49.2806049695071, 17.1314641795682, -25.1805911530974, -21.4982853528235,
-30.3752835471286, 32.5097989453762, -10.5812516808689, 29.1806800687175,
-20.7329787108446, 11.716770886462, -15.3989501593799, -26.5688089228979,
12.1233867210972, 17.5287844287162, 41.9224859224574, 73.2234030888168,
19.3805747103881, 54.7208616351859, 23.7961185949708, 23.4654493481731,
-23.2820492360737, -14.3488743392944, -49.087727203306), .Dim = c(2L, 3L, 6L, 2L))

d_ar_mat <- structure(c(0.0182145135140396,
0.23580383516513, 0.872829356093873, 0.75579494486329, 0.867463537281025,
0.490916536195901, 0.365361500172623, 0.887409321938114, 0.785123914094237,
0.775273686457035, 0.105365522612181, 0.255601147186748, 0.894485421273785,
0.577461098049853, 0.675040058328182, 0.735398541297976, 0.70944710180551,
0.787588782659628, 0.750745349320061, 0.832370616843884, 0.614415895872411,
0.747931829062077, 0.97987173262904, 0.15671415884994, 0.620684596093125,
0.684458757978813, 0.776478368659584, 0.429729183563609, 0.0824872331446102,
0.310023731357581, 0.645022117933388, 0.864372925466896, 0.101550837513196,
0.0626725940496656, 0.132709972855286, 0.279271435832206, 0.72882960145227,
0.915221935842323, 0.102487769466526, 0.408530236734099, 0.773366606821417,
0.922341483268523, 0.0873295956822918, 0.727694093190354, 0.892365549601997,
0.442491615167039, 0.322868073026502, 0.808054414690765, 0.82288764087793,
0.209070961664506, 0.808518839332274, 0.0736282672155474, 0.391428245286312,
0.488980191556667, 0.817733009205583, 0.39650919524909, 0.541906150059746,
0.415660882477339, 0.713736123435423, 0.898241050929066, 0.308887857681649,
0.61143163569784, 0.18279439707857, 0.0995786844166707, 0.63288786265009,
0.938097665487941, 0.325368255899384, 0.360749710174948, 0.129998196447419,
0.244594518725216, 0.30421978037884, 0.055137030063636, 0.226591349252556,
0.565526219983867, 0.90704026607892, 0.987564448106938, 0.134052994650739,
0.68040604621905, 0.816938899795494, 0.227950023521257, 0.162405230570554,
0.0953092139696061, 0.341765269393645, 0.208942597932505, 0.438698190837773,
0.138639473134116, 0.147154418305001, 0.138930130624446, 0.0441366237502099,
0.991324467339591, 0.453396178404252, 0.74163452999513, 0.225403705956191,
0.422574872388468, 0.124785410392032, 0.244356815004067, 0.770811528515324,
0.577656677525574, 0.272720593120756, 0.751851502229081, 0.55261633128472,
0.828098030518812, 0.651051091067329, 0.109972008439671, 0.251485471794519,
0.886310771791806, 0.340595397941766, 0.255271300164668, 0.169837750754356,
0.4340995421721, 0.235822217723338, 0.917366756686398, 0.313666960662153,
0.124103758702485, 0.600528480239736, 0.448849802368035, 0.60238624975754,
0.649672377876868, 0.680461199582396, 0.0991070757341378), .Dim = c(4L, 5L, 2L, 3L))

d_simplex <- structure(c(0.342148995139974,
0.657851004860026), .Dim = c(2))

d_1d_simplex <- structure(c(0.230628158464909, 0.647288415656636,
0.769371841535091, 0.352711584343364), .Dim = c(2L, 2L))

