N <-
1000L
K <-
10
y <-
c(3, 3, 2, 5, 2, 2, 2, 3, 5, 3, 2, 5, 6, 4, 4, 1, 2, 4, 4, 2, 
5, 3, 6, 3, 2, 6, 5, 3, 2, 3, 5, 3, 3, 1, 4, 1, 1, 2, 2, 7, 5, 
5, 2, 5, 2, 6, 5, 9, 12, 3, 3, 1, 5, 5, 4, 5, 4, 2, 3, 3, 7, 
5, 4, 5, 1, 3, 1, 2, 6, 3, 4, 3, 11, 7, 4, 6, 8, 0, 4, 6, 7, 
8, 4, 5, 7, 5, 7, 6, 7, 5, 4, 6, 1, 3, 10, 8, 5, 2, 9, 2, 5, 
6, 8, 10, 6, 9, 10, 10, 4, 5, 7, 6, 4, 7, 4, 6, 12, 10, 4, 8, 
7, 6, 2, 10, 7, 3, 13, 12, 3, 7, 5, 8, 0, 6, 6, 5, 8, 3, 0, 7, 
9, 8, 10, 5, 4, 4, 7, 9, 4, 7, 4, 6, 2, 7, 5, 7, 5, 5, 6, 7, 
5, 6, 3, 5, 5, 4, 4, 11, 9, 6, 8, 7, 7, 13, 3, 2, 12, 5, 3, 6, 
6, 8, 5, 0, 4, 5, 6, 3, 8, 8, 4, 8, 2, 7, 7, 3, 7, 1, 5, 5, 7, 
7, 2, 4, 2, 3, 7, 5, 4, 4, 2, 8, 7, 4, 4, 10, 1, 5, 3, 4, 3, 
4, 3, 2, 5, 4, 2, 5, 6, 5, 9, 5, 3, 1, 3, 3, 5, 1, 5, 6, 4, 4, 
3, 4, 2, 2, 2, 0, 5, 6, 4, 3, 5, 4, 4, 3, 9, 4, 3, 3, 3, 1, 2, 
3, 4, 6, 2, 3, 6, 2, 8, 5, 3, 5, 5, 3, 3, 4, 3, 3, 5, 5, 4, 8, 
2, 1, 3, 3, 4, 2, 4, 2, 4, 4, 3, 4, 7, 2, 6, 2, 5, 2, 4, 5, 3, 
1, 2, 3, 4, 1, 1, 9, 2, 2, 8, 5, 3, 3, 2, 6, 5, 6, 5, 4, 5, 5, 
2, 3, 5, 3, 2, 3, 1, 2, 4, 2, 6, 0, 4, 1, 4, 7, 6, 5, 6, 4, 10, 
1, 3, 7, 4, 4, 11, 6, 4, 4, 5, 2, 5, 9, 4, 3, 7, 2, 5, 3, 3, 
2, 1, 5, 6, 5, 7, 6, 1, 4, 8, 7, 9, 8, 4, 5, 4, 9, 9, 4, 2, 12, 
4, 9, 4, 3, 6, 5, 4, 5, 5, 6, 6, 4, 10, 6, 7, 8, 12, 11, 8, 3, 
4, 1, 8, 5, 5, 9, 8, 5, 7, 7, 6, 7, 6, 4, 8, 9, 12, 14, 6, 3, 
5, 10, 9, 9, 8, 4, 4, 10, 8, 7, 7, 8, 7, 6, 7, 11, 7, 11, 10, 
10, 10, 10, 7, 10, 6, 7, 9, 5, 8, 10, 6, 7, 7, 11, 8, 10, 7, 
7, 6, 9, 5, 13, 9, 7, 7, 10, 17, 10, 14, 15, 7, 9, 7, 9, 8, 4, 
11, 5, 6, 7, 8, 10, 9, 4, 14, 11, 4, 11, 9, 13, 8, 9, 10, 4, 
6, 9, 11, 10, 9, 6, 13, 7, 10, 4, 7, 5, 6, 12, 7, 13, 14, 19, 
7, 4, 11, 6, 9, 10, 9, 10, 4, 6, 10, 7, 13, 10, 8, 7, 5, 11, 
9, 4, 12, 6, 7, 11, 11, 9, 12, 15, 15, 12, 12, 13, 11, 12, 7, 
15, 6, 7, 6, 13, 16, 11, 12, 13, 12, 15, 10, 9, 15, 9, 12, 8, 
9, 7, 18, 14, 8, 10, 14, 9, 8, 10, 17, 19, 9, 6, 5, 10, 5, 11, 
5, 16, 5, 11, 6, 6, 6, 8, 9, 7, 3, 12, 13, 10, 10, 16, 8, 11, 
6, 12, 15, 9, 11, 9, 16, 8, 9, 13, 7, 9, 6, 5, 8, 11, 10, 9, 
10, 11, 7, 6, 7, 6, 8, 9, 4, 8, 9, 14, 11, 10, 6, 6, 6, 8, 9, 
17, 4, 10, 8, 2, 4, 9, 9, 8, 5, 10, 5, 8, 5, 6, 9, 10, 9, 12, 
9, 9, 8, 11, 5, 3, 15, 6, 3, 6, 7, 8, 15, 12, 13, 7, 2, 9, 6, 
16, 8, 5, 7, 6, 1, 13, 7, 4, 4, 4, 12, 8, 5, 6, 16, 8, 9, 5, 
5, 7, 6, 11, 6, 2, 2, 6, 1, 10, 7, 9, 6, 8, 4, 8, 6, 9, 9, 6, 
7, 5, 8, 10, 8, 5, 6, 4, 4, 5, 8, 7, 9, 8, 2, 8, 7, 6, 3, 7, 
11, 8, 6, 8, 2, 9, 4, 7, 7, 14, 9, 12, 10, 7, 9, 9, 2, 6, 9, 
3, 19, 4, 11, 4, 6, 8, 9, 11, 7, 10, 6, 9, 3, 6, 6, 8, 7, 6, 
7, 6, 12, 5, 9, 7, 12, 11, 3, 5, 5, 4, 8, 7, 10, 7, 10, 11, 15, 
9, 7, 10, 11, 13, 13, 10, 9, 13, 6, 7, 16, 4, 6, 7, 10, 7, 14, 
11, 11, 5, 13, 8, 6, 13, 11, 13, 9, 8, 18, 5, 11, 10, 7, 15, 
5, 7, 6, 8, 14, 16, 2, 14, 16, 14, 12, 4, 14, 14, 8, 10, 5, 8, 
10, 10, 20, 11, 6, 13, 11, 6, 11, 15, 8, 4, 15, 14, 11, 12, 5, 
10, 10, 9, 19, 17, 18, 7, 12, 16, 11, 13, 12, 14, 7, 15, 14, 
21, 12, 16, 15, 11, 19, 14, 17, 12, 21, 13, 9, 9, 8, 16, 13, 
15, 16, 15, 12, 11, 13, 19, 14, 9, 10, 16, 12, 11, 16, 11, 11, 
18, 16, 21, 11, 7, 13, 10, 11, 18, 13, 18, 11, 19, 11, 12, 10, 
11, 13, 18, 16, 15, 9, 13, 13, 15, 14, 10, 13, 17, 14, 17, 14, 
20, 19, 9, 19, 11, 13, 11, 14, 19, 15, 18, 16, 9, 19, 12, 16, 
17, 14, 10, 16, 11, 20, 13, 17, 8, 9, 14, 14, 14, 16, 12, 22, 
10, 20, 11, 11, 9, 13, 17, 18, 12, 27, 7, 13, 10, 21, 17, 17, 
17, 10, 10)
x <-
c(0, 0.003003003003003, 0.00600600600600601, 0.00900900900900901, 
0.012012012012012, 0.015015015015015, 0.018018018018018, 0.021021021021021, 
0.024024024024024, 0.027027027027027, 0.03003003003003, 0.033033033033033, 
0.036036036036036, 0.039039039039039, 0.042042042042042, 0.045045045045045, 
0.048048048048048, 0.0510510510510511, 0.0540540540540541, 0.0570570570570571, 
0.0600600600600601, 0.0630630630630631, 0.0660660660660661, 0.0690690690690691, 
0.0720720720720721, 0.0750750750750751, 0.0780780780780781, 0.0810810810810811, 
0.0840840840840841, 0.0870870870870871, 0.0900900900900901, 0.0930930930930931, 
0.0960960960960961, 0.0990990990990991, 0.102102102102102, 0.105105105105105, 
0.108108108108108, 0.111111111111111, 0.114114114114114, 0.117117117117117, 
0.12012012012012, 0.123123123123123, 0.126126126126126, 0.129129129129129, 
0.132132132132132, 0.135135135135135, 0.138138138138138, 0.141141141141141, 
0.144144144144144, 0.147147147147147, 0.15015015015015, 0.153153153153153, 
0.156156156156156, 0.159159159159159, 0.162162162162162, 0.165165165165165, 
0.168168168168168, 0.171171171171171, 0.174174174174174, 0.177177177177177, 
0.18018018018018, 0.183183183183183, 0.186186186186186, 0.189189189189189, 
0.192192192192192, 0.195195195195195, 0.198198198198198, 0.201201201201201, 
0.204204204204204, 0.207207207207207, 0.21021021021021, 0.213213213213213, 
0.216216216216216, 0.219219219219219, 0.222222222222222, 0.225225225225225, 
0.228228228228228, 0.231231231231231, 0.234234234234234, 0.237237237237237, 
0.24024024024024, 0.243243243243243, 0.246246246246246, 0.249249249249249, 
0.252252252252252, 0.255255255255255, 0.258258258258258, 0.261261261261261, 
0.264264264264264, 0.267267267267267, 0.27027027027027, 0.273273273273273, 
0.276276276276276, 0.279279279279279, 0.282282282282282, 0.285285285285285, 
0.288288288288288, 0.291291291291291, 0.294294294294294, 0.297297297297297, 
0.3003003003003, 0.303303303303303, 0.306306306306306, 0.309309309309309, 
0.312312312312312, 0.315315315315315, 0.318318318318318, 0.321321321321321, 
0.324324324324324, 0.327327327327327, 0.33033033033033, 0.333333333333333, 
0.336336336336336, 0.339339339339339, 0.342342342342342, 0.345345345345345, 
0.348348348348348, 0.351351351351351, 0.354354354354354, 0.357357357357357, 
0.36036036036036, 0.363363363363363, 0.366366366366366, 0.369369369369369, 
0.372372372372372, 0.375375375375375, 0.378378378378378, 0.381381381381381, 
0.384384384384384, 0.387387387387387, 0.39039039039039, 0.393393393393393, 
0.396396396396396, 0.399399399399399, 0.402402402402402, 0.405405405405405, 
0.408408408408408, 0.411411411411411, 0.414414414414414, 0.417417417417417, 
0.42042042042042, 0.423423423423423, 0.426426426426426, 0.429429429429429, 
0.432432432432432, 0.435435435435435, 0.438438438438438, 0.441441441441441, 
0.444444444444444, 0.447447447447447, 0.45045045045045, 0.453453453453453, 
0.456456456456456, 0.459459459459459, 0.462462462462462, 0.465465465465465, 
0.468468468468468, 0.471471471471471, 0.474474474474474, 0.477477477477477, 
0.48048048048048, 0.483483483483483, 0.486486486486486, 0.48948948948949, 
0.492492492492492, 0.495495495495495, 0.498498498498498, 0.501501501501502, 
0.504504504504504, 0.507507507507508, 0.510510510510511, 0.513513513513513, 
0.516516516516517, 0.519519519519519, 0.522522522522523, 0.525525525525526, 
0.528528528528528, 0.531531531531532, 0.534534534534534, 0.537537537537538, 
0.540540540540541, 0.543543543543544, 0.546546546546547, 0.54954954954955, 
0.552552552552553, 0.555555555555556, 0.558558558558559, 0.561561561561562, 
0.564564564564565, 0.567567567567568, 0.570570570570571, 0.573573573573574, 
0.576576576576577, 0.57957957957958, 0.582582582582583, 0.585585585585586, 
0.588588588588589, 0.591591591591592, 0.594594594594595, 0.597597597597598, 
0.600600600600601, 0.603603603603604, 0.606606606606607, 0.60960960960961, 
0.612612612612613, 0.615615615615616, 0.618618618618619, 0.621621621621622, 
0.624624624624625, 0.627627627627628, 0.630630630630631, 0.633633633633634, 
0.636636636636637, 0.63963963963964, 0.642642642642643, 0.645645645645646, 
0.648648648648649, 0.651651651651652, 0.654654654654655, 0.657657657657658, 
0.660660660660661, 0.663663663663664, 0.666666666666667, 0.66966966966967, 
0.672672672672673, 0.675675675675676, 0.678678678678679, 0.681681681681682, 
0.684684684684685, 0.687687687687688, 0.690690690690691, 0.693693693693694, 
0.696696696696697, 0.6996996996997, 0.702702702702703, 0.705705705705706, 
0.708708708708709, 0.711711711711712, 0.714714714714715, 0.717717717717718, 
