t0 <- 0
C0 <- 
structure(c(0),
.Dim = c(1))
D <- 30
V <- 2
times <- 
c(0.5, 1, 1.5, 2, 2.5, 3, 3.5, 4, 4.5, 5, 5.5, 6,
6.5, 7, 7.5, 8, 8.5, 9, 9.5, 10)
N_t <- 20
C_hat <- 
c(5.70812264865215, 7.10126075072086,
8.38520678426651, 9.79008249883381, 13.4390409239245,
11.4478987597702, 11.2124282696837, 11.4269217682577,
12.2432859438401, 13.8201804108938, 13.8408670746042,
11.422291744251, 10.5031943081843, 11.9121452242965,
14.0849980781312, 10.5505145523917, 10.1905539351877,
12.2232272590821, 11.7290653047821, 12.2719396535996)
