K <- 2
N <- 3
player1 <- c(2, 2, 1)
player0 <- c(1, 1, 2)
y <- c(0, 1, 1)
