K <- 2
J <- 3
N <- 2
team0 <- structure(c(2, 1, 1, 1, 2, 1), .Dim=c(2, 3))
team1 <- structure(c(2, 2, 2, 1, 2, 1), .Dim=c(2, 3))
y <- c(1, 0)
