N <- 2
ts <- c(3.70819294299116, 4.98911472926553)
y_init <- c(6.3344079550739476, 5.93334017268872)
y <- structure(c(3.1265750792953506, 0.45494492391993857, 1.5550498489338422, 2.7987109819349936), .Dim=c(2, 2))
