CL <- 12.1015023671265
ka <- 0.790487080827579
Q <- 16.0977650918934
sigma <- 0.868065319024026
V1 <- 52.3597962771678
V2 <- 65.2495703902546
