addl <- 
c(0, 0, 0, 0, 0, 0, 0, 0, 0, 0, 0, 0, 0, 0, 0, 0, 0, 0)
amt <- 
c(5000, 0, 0, 0, 0, 0, 0, 0, 0, 0, 0, 0, 0, 0, 0, 0, 0, 0)
cmt <- 
c(1, 2, 2, 2, 2, 2, 2, 2, 2, 2, 2, 2, 2, 2, 2, 2, 2, 2)
cObs <- 
c(64.3902642165734, 83.0308774186179, 129.499579750393, 124.407763406738,
95.308947713766, 133.038985058174, 140.798072957402, 68.1871408205902, 54.2591242109856,
34.3039122331664, 25.5960747096281, 21.5612588528584, 19.556669924518, 14.078250499345,
11.4582933960988, 15.0146748426567, 12.3419604335786)
evid <- 
c(1, 0, 0, 0, 0, 0, 0, 0, 0, 0, 0, 0, 0, 0, 0, 0, 0, 0)
ii <- 
c(0, 0, 0, 0, 0, 0, 0, 0, 0, 0, 0, 0, 0, 0, 0, 0, 0, 0)
iObs <- 
c(2, 3, 4, 5, 6, 7, 8, 9, 10, 11, 12, 13, 14, 15, 16, 17, 18)
nObs <- 17
nt <- 18
rate <- 
c(0, 0, 0, 0, 0, 0, 0, 0, 0, 0, 0, 0, 0, 0, 0, 0, 0, 0)
ss <- 
c(0, 0, 0, 0, 0, 0, 0, 0, 0, 0, 0, 0, 0, 0, 0, 0, 0, 0)
time <- 
c(0, 0.25, 0.5, 0.75, 1, 1.25, 1.5, 1.75, 2, 4, 6, 8, 10, 12, 14, 16, 18, 20)
