CLHat <- 10.7741594076152
EC50Hat <- 114.140551533674
kaHat <- 2.40983748428014
ke0Hat <- 1.00400245813494
logEC50 <- 
c(4.60517018598809, 4.60517018598809, 4.60517018598809, 4.60517018598809,
4.60517018598809, 4.60517018598809, 4.60517018598809, 4.60517018598809, 4.60517018598809,
4.60517018598809, 4.60517018598809, 4.60517018598809, 4.60517018598809, 4.60517018598809,
4.60517018598809, 4.60517018598809, 4.60517018598809, 4.60517018598809, 4.60517018598809,
4.60517018598809, 4.60517018598809, 4.60517018598809, 4.60517018598809, 4.60517018598809,
4.60517018598809, 4.60517018598809, 4.60517018598809, 4.60517018598809, 4.60517018598809,
4.60517018598809, 4.60517018598809, 4.60517018598809, 4.60517018598809, 4.60517018598809,
4.60517018598809, 4.60517018598809, 4.60517018598809, 4.60517018598809, 4.60517018598809,
4.60517018598809, 4.60517018598809, 4.60517018598809, 4.60517018598809, 4.60517018598809,
4.60517018598809, 4.60517018598809, 4.60517018598809, 4.60517018598809, 4.60517018598809,
4.60517018598809, 4.60517018598809, 4.60517018598809, 4.60517018598809, 4.60517018598809,
4.60517018598809, 4.60517018598809, 4.60517018598809, 4.60517018598809, 4.60517018598809,
4.60517018598809, 4.60517018598809, 4.60517018598809, 4.60517018598809, 4.60517018598809,
4.60517018598809, 4.60517018598809, 4.60517018598809, 4.60517018598809, 4.60517018598809,
4.60517018598809, 4.60517018598809, 4.60517018598809, 4.60517018598809, 4.60517018598809,
4.60517018598809, 4.60517018598809, 4.60517018598809, 4.60517018598809, 4.60517018598809,
4.60517018598809, 4.60517018598809, 4.60517018598809, 4.60517018598809, 4.60517018598809,
4.60517018598809, 4.60517018598809, 4.60517018598809, 4.60517018598809, 4.60517018598809,
4.60517018598809, 4.60517018598809, 4.60517018598809, 4.60517018598809, 4.60517018598809,
4.60517018598809, 4.60517018598809, 4.60517018598809, 4.60517018598809, 4.60517018598809,
4.60517018598809, 4.60517018598809, 4.60517018598809, 4.60517018598809, 4.60517018598809,
4.60517018598809, 4.60517018598809, 4.60517018598809, 4.60517018598809, 4.60517018598809,
4.60517018598809, 4.60517018598809, 4.60517018598809, 4.60517018598809, 4.60517018598809,
4.60517018598809, 4.60517018598809, 4.60517018598809, 4.60517018598809, 4.60517018598809,
4.60517018598809, 4.60517018598809, 4.60517018598809, 4.60517018598809, 4.60517018598809,
4.60517018598809, 4.60517018598809, 4.60517018598809, 4.60517018598809, 4.60517018598809,
4.60517018598809, 4.60517018598809, 4.60517018598809, 4.60517018598809, 4.60517018598809,
4.60517018598809, 4.60517018598809, 4.60517018598809, 4.60517018598809, 4.60517018598809,
4.60517018598809, 4.60517018598809, 4.60517018598809, 4.60517018598809, 4.60517018598809,
4.60517018598809, 4.60517018598809, 4.60517018598809, 4.60517018598809, 4.60517018598809,
4.60517018598809, 4.60517018598809, 4.60517018598809, 4.60517018598809, 4.60517018598809,
4.60517018598809, 4.60517018598809, 4.60517018598809, 4.60517018598809, 4.60517018598809,
4.60517018598809, 4.60517018598809, 4.60517018598809, 4.60517018598809, 4.60517018598809,
4.60517018598809, 4.60517018598809, 4.60517018598809, 4.60517018598809, 4.60517018598809,
4.60517018598809, 4.60517018598809, 4.60517018598809, 4.60517018598809, 4.60517018598809,
4.60517018598809, 4.60517018598809, 4.60517018598809, 4.60517018598809, 4.60517018598809,
4.60517018598809, 4.60517018598809, 4.60517018598809, 4.60517018598809, 4.60517018598809,
4.60517018598809, 4.60517018598809, 4.60517018598809, 4.60517018598809, 4.60517018598809,
4.60517018598809, 4.60517018598809, 4.60517018598809, 4.60517018598809, 4.60517018598809,
4.60517018598809, 4.60517018598809, 4.60517018598809, 4.60517018598809, 4.60517018598809,
4.60517018598809)
logKe0 <- 
c(0, 0, 0, 0, 0, 0, 0, 0, 0, 0, 0, 0, 0, 0, 0, 0, 0, 0, 0, 0, 0, 0, 0, 0, 0, 0, 0, 0,
0, 0, 0, 0, 0, 0, 0, 0, 0, 0, 0, 0, 0, 0, 0, 0, 0, 0, 0, 0, 0, 0, 0, 0, 0, 0, 0, 0, 0, 0, 0, 0, 0,
0, 0, 0, 0, 0, 0, 0, 0, 0, 0, 0, 0, 0, 0, 0, 0, 0, 0, 0, 0, 0, 0, 0, 0, 0, 0, 0, 0, 0, 0, 0, 0, 0,
0, 0, 0, 0, 0, 0, 0, 0, 0, 0, 0, 0, 0, 0, 0, 0, 0, 0, 0, 0, 0, 0, 0, 0, 0, 0, 0, 0, 0, 0, 0, 0, 0,
0, 0, 0, 0, 0, 0, 0, 0, 0, 0, 0, 0, 0, 0, 0, 0, 0, 0, 0, 0, 0, 0, 0, 0, 0, 0, 0, 0, 0, 0, 0, 0, 0,
0, 0, 0, 0, 0, 0, 0, 0, 0, 0, 0, 0, 0, 0, 0, 0, 0, 0, 0, 0, 0, 0, 0, 0, 0, 0, 0, 0, 0, 0, 0, 0, 0,
0, 0, 0, 0, 0, 0, 0)
