t0 <- 0
N_t <- 25
ts <- 
c(1.15601851851852, 2.03449074074074, 4.96157407407407, 6.01712962962963,
7.03796296296296, 8.01365740740741, 9.02060185185185, 12.0219907407407,
13.0574074074074, 13.9740740740741, 14.9525462962963, 15.9525462962963,
19.0032407407407, 19.9685185185185, 20.9518518518519, 21.9650462962963,
22.9219907407407, 26.012962962963, 27.050462962963, 27.9310185185185,
28.9386574074074, 29.9386574074074, 39.9636574074074, 40.9372685185185,
41.9726851851852)
eCO2mean <- 
c(0.0277780268338887, 0.719282564617987, 2.06157264777962,
1.83912852534761, 2.79084379741546, 2.67025926226335, 3.25393027352365,
3.87829730899174, 4.16129834125508, 4.83147131226128, 4.61616507571551,
5.13749850718396, 5.95377256441306, 5.91393741365973, 5.94829695445491,
5.81102598536745, 5.75313320451491, 6.02526731239607, 6.68894423430123,
6.57366504262456, 6.27822369172602, 6.80503239142778, 8.22979270757457,
7.75007806202788, 7.63721799990632)
eCO2sd <- 
c(0.0245057079333781, 0.0607640100669057, 0.27217659249839,
0.125245666751451, 0.0796245291387813, 0.0624738501687396, 0.121358362124487,
0.0806937794408614, 0.32775731724552, 0.0639882983812262, 0.288140734930278,
0.276771243725037, 0.228550272927951, 0.539092323074695, 0.387386466306125,
0.0190960932009521, 0.273559017296657, 0.377807696748102, 0.263325337472195,
0.317981054079, 0.434393528491771, 0.150369295805505, 0.225610624506558,
0.187194783831988, 0.0561391606236432)
totalC_t0 <- 7.7
