totalC_t0 <- 1.351256775325345
t0 <- 3.5468357100227781
N_t <- 1
ts <- c(7.8812436650967257)
eCO2mean <- c(3.9333401726887196)
eCO2sd <- c(3.1265750792953506)
