M <- 14
P <- 6
N0 <- 6
N <- 
structure(c(64, 89, 70, 76, 73, 78, 61, 67, 63, 67, 71, 64, 64, 71),
.Dim = c(14))
N2 <- 100
cases <- 
structure(c(0, 0, 0, 0, 0, 0, 1, 0, 1, 1, 1, 1, 3, 2, 10, 3, 8, 7, 75, 151, 252, 160, 128, 23, 48, 57, 92, 91, 36, 104, 71, 69, 65, 131, 133, 153, 169, 155, 194, 182,
283, 247, 279, 371, 320, 292, 312, 390, 331, 233, 184, 177, 178, 144, 193, 170, 198, 194, 169, 142, 131, 180, 217, 161, -1, -1, -1, -1, -1, -1, -1, -1, -1, -1, -1, -1,
-1, -1, -1, -1, -1, -1, -1, -1, -1, -1, -1, -1, -1, -1, -1, -1, -1, -1, -1, -1, -1, -1, -1, -1, 0, 0, 0, 0, 3, 0, 0, 0, 0, 0, 0, 0, 0, 0, 0, 0, 0, 0, 0, 0, 0, 0, 0, 0, 0,
0, 14, 62, 53, 97, 93, 78, 250, 238, 240, 561, 347, 466, 587, 769, 778, 1247, 1492, 1797, 977, 2313, 2651, 2547, 3497, 2823, 4000, 3526, 4207, 5322, 5986, 6557, 5560,
4789, 5249, 5210, 6153, 5959, 5974, 5217, 4050, 4053, 4782, 4668, 4585, 4805, 4316, 3599, 3039, 3836, 4204, 3951, 4694, 4092, 3153, 2972, 2667, 3786, 3493, 3491, 3047,
2256, 2729, 3370, 2646, -1, -1, -1, -1, -1, -1, -1, -1, -1, -1, -1, 0, 0, 0, 0, 0, 0, 0, 0, 0, 0, 0, 2, 4, 26, 10, 54, 18, 28, 39, 66, 138, 284, 163, 55, 237, 157, 271,
802, 693, 733, 1043, 1174, 1144, 1042, 5940, 4049, 3276, 3311, 4438, 2342, 4954, 5780, 6294, 3965, 4751, 4615, 5453, 6156, 6174, 6082, 5936, 3677, 3834, 4003, 4974, 5323,
4133, 2821, 2537, 2082, 2486, 2866, 3380, 3609, 2458, 1775, 1785, 2237, 2352, 2337, -1, -1, -1, -1, -1, -1, -1, -1, -1, -1, -1, -1, -1, -1, -1, -1, -1, -1, -1, -1, -1,
-1, -1, -1, -1, -1, -1, -1, -1, -1, 0, 1, 0, 0, 0, 0, 0, 0, 0, 0, 0, 0, 0, 0, 0, 0, 1, 4, 5, 13, 9, 32, 17, 31, 37, 49, 61, 113, 56, 159, 615, 435, 501, 864, 1227, 1522,
2000, 1438, 1987, 2538, 3431, 2833, 4946, 3646, 4517, 6584, 7937, 8578, 7871, 8189, 6549, 6398, 9222, 7719, 8102, 7472, 7026, 6023, 4273, 5478, 6180, 5756, 4576, 4830,
4167, 3477, 3045, 5092, 5183, 5252, 3658, 4218, 4266, 3968, 4211, 4635, -1, -1, -1, -1, -1, -1, -1, -1, -1, -1, -1, -1, -1, -1, -1, -1, -1, -1, -1, -1, -1, -1, -1, -1, 0,
1, 0, 0, 0, 0, 0, 0, 0, 0, 0, 0, 4, 0, 0, 0, 3, 2, 5, 13, 4, 11, 34, 30, 48, 43, 67, 48, 52, 83, 134, 117, 433, 251, 152, 407, 680, 647, 706, 1035, 665, 967, 1427, 1452,
2129, 2885, 2546, 2433, 2619, 3009, 4324, 4244, 4450, 3735, 5903, 3802, 3634, 5491, 4344, 5195, 8719, 5288, 4342, 5252, 4603, 4617, 5599, 5525, 5850, 4676, 4301, 4451,
4583, -1, -1, -1, -1, -1, -1, -1, -1, -1, -1, -1, -1, -1, -1, -1, -1, -1, -1, -1, -1, -1, -1, -1, -1, -1, -1, -1, 0, 5, 0, 0, 0, 0, 0, 0, 0, 0, 1, 0, 0, 0, 0, 0, 0, 0, 0,
2, 3, 21, 19, 43, 30, 48, 34, 73, 138, 190, 103, 410, 286, 372, 497, 595, 785, 838, 924, 1210, 1097, 1404, 1861, 1617, 1847, 1559, 3838, 2446, 2931, 3922, 3809, 4611,
2599, 4376, 7578, 4861, 2116, 5233, 4267, 1873, 3912, 3777, 3881, 4286, 4342, 3114, 1613, 2673, 5497, 2633, 2641, 405, 2569, 785, 2051, 2667, 1827, 1653, -1, -1, -1, -1,
-1, -1, -1, -1, -1, -1, -1, -1, -1, -1, -1, -1, -1, -1, -1, -1, -1, -1, 0, 0, 0, 1, 3, 2, 9, 4, 6, 8, 23, 30, 27, 34, 22, 23, 85, 212, 132, 0, 286, 170, 92, 139, 115,
129, 190, 184, 206, 239, 195, 350, 240, 425, 264, 257, 124, 221, 218, 270, 273, 302, 130, 115, 108, 147, 150, 84, 76, 95, 73, 78, 111, 114, 0, 193, 84, 45, 53, 84, 95,
-1, -1, -1, -1, -1, -1, -1, -1, -1, -1, -1, -1, -1, -1, -1, -1, -1, -1, -1, -1, -1, -1, -1, -1, -1, -1, -1, -1, -1, -1, -1, -1, -1, -1, -1, -1, -1, -1, -1, 0, 0, 0, 0, 0,
0, 0, 0, 0, 0, 0, 0, 0, 1, 6, 5, 10, 27, 59, 60, 31, 39, 28, 47, 85, 160, 130, 197, 199, 158, 243, 309, 462, 558, 586, 342, 526, 668, 1298, 1049, 1850, 1702, 1063, 876,
1189, 1384, 1422, 1661, 1260, 1123, 1380, 1209, 1580, 1684, 1351, 1629, 942, 530, 2454, 1236, 1329, 1045, 1313, 1487, 973, 933, 908, -1, -1, -1, -1, -1, -1, -1, -1, -1,
-1, -1, -1, -1, -1, -1, -1, -1, -1, -1, -1, -1, -1, -1, -1, -1, -1, -1, -1, -1, -1, -1, -1, -1, 0, 0, 0, 0, 2, 0, 3, 2, 3, 4, 4, 6, 5, 12, 33, 25, 3, 29, 51, 64, 115,
143, 151, 205, 156, 316, 314, 550, 453, 375, 607, 855, 796, 606, 1141, 668, 594, 522, 805, 564, 529, 418, 396, 241, 217, 314, 343, 329, 279, 312, 247, 130, 106, 191, 136,
78, 155, 59, 48, 73, 50, 91, 61, -1, -1, -1, -1, -1, -1, -1, -1, -1, -1, -1, -1, -1, -1, -1, -1, -1, -1, -1, -1, -1, -1, -1, -1, -1, -1, -1, -1, -1, -1, -1, -1, -1, -1,
-1, -1, -1, 0, 0, 0, 0, 0, 0, 0, 0, 0, 1, 5, 5, 1, 1, 1, 9, 11, 26, 76, 24, 42, 45, 78, 136, 158, 155, 149, 108, 89, 46, 134, 122, 200, 123, 160, 110, 256, 238, 296, 240,
401, 253, 328, 407, 512, 519, 612, 365, 387, 376, 487, 726, 722, 544, 466, 332, 465, 497, 482, 613, 676, 606, 563, 392, 545, 682, 751, -1, -1, -1, -1, -1, -1, -1, -1, -1,
-1, -1, -1, -1, -1, -1, -1, -1, -1, -1, -1, -1, -1, -1, -1, -1, -1, -1, -1, -1, -1, -1, -1, -1, 0, 0, 0, 0, 0, 0, 0, 0, 0, 0, 0, 0, 1, 0, 7, 4, 6, 6, 6, 7, 20, 30, 122,
55, 68, 42, 116, 152, 212, 267, 238, 841, 0, 450, 360, 878, 952, 1237, 894, 1044, 774, 925, 1000, 1390, 1048, 1122, 1138, 696, 962, 1124, 1033, 974, 821, 552, 590, 546,
785, 733, 592, 400, 279, 254, 583, 315, 346, 325, 336, 168, 155, 205, 228, -1, -1, -1, -1, -1, -1, -1, -1, -1, -1, -1, -1, -1, -1, -1, -1, -1, -1, -1, -1, -1, -1, -1, -1,
-1, -1, -1, -1, -1, 0, 0, 0, 0, 0, 0, 0, 0, 1, 2, 1, 3, 0, 3, 22, 13, 21, 7, 11, 6, 9, 34, 57, 38, 103, 21, 35, 31, 46, 31, 35, 94, 71, 48, 78, 71, 74, 95, 95, 56, 102,
61, 139, 99, 60, 62, 20, 77, 52, 71, 56, 70, 33, 31, 25, 22, 15, 0, 0, 28, 10, 156, 7, 55, -1, -1, -1, -1, -1, -1, -1, -1, -1, -1, -1, -1, -1, -1, -1, -1, -1, -1, -1, -1,
-1, -1, -1, -1, -1, -1, -1, -1, -1, -1, -1, -1, -1, -1, -1, -1, 0, 0, 0, 0, 0, 0, 0, 0, 0, 0, 0, 2, 2, 1, 4, 4, 8, 9, 9, 2, 18, 19, 34, 57, 76, 86, 117, 194, 143, 235,
260, 320, 460, 302, 633, 549, 724, 902, 792, 446, 1035, 808, 783, 852, 638, 754, 452, 712, 699, 815, 1516, 515, 598, 349, 514, 643, 750, 181, 663, 521, 657, 516, 603,
371, -1, -1, -1, -1, -1, -1, -1, -1, -1, -1, -1, -1, -1, -1, -1, -1, -1, -1, -1, -1, -1, -1, -1, -1, -1, -1, -1, -1, -1, -1, -1, -1, -1, -1, -1, -1, 0, 0, 0, 0, 0, 0, 0,
0, 0, 0, 0, 0, 0, 0, 1, 1, 5, 6, 5, 10, 10, 44, 46, 60, 77, 56, 61, 121, 111, 190, 155, 176, 278, 292, 346, 409, 534, 637, 573, 545, 811, 852, 1019, 1172, 1159, 1104,
884, 845, 1019, 1083, 1026, 904, 1224, 952, 777, 969, 1213, 1335, 1316, 1174, 964, 868, 734, 1061, 1235, 1140, 1066, 750, 729, 708, 887, -1, -1, -1, -1, -1, -1, -1, -1,
-1, -1, -1, -1, -1, -1, -1, -1, -1, -1, -1, -1, -1, -1, -1, -1, -1, -1, -1, -1, -1),
.Dim = c(100, 14))
