time <- 
c(0, 0.5, 3.75, 7, 10, 12.5, 15, 24, 24, 48, 72, 96, 120, 144, 144.5,
147.75, 151, 154, 156.5, 159, 0, 0.5, 3.75, 7, 10, 12.5, 15, 24, 24, 48, 72, 96,
120, 144, 144.5, 147.75, 151, 154, 156.5, 159, 0, 0.5, 3.75, 7, 10, 12.5, 15,
24, 24, 48, 72, 96, 120, 144, 144.5, 147.75, 151, 154, 156.5, 159, 0, 0.5, 3.75,
7, 10, 12.5, 15, 24, 24, 48, 72, 96, 120, 144, 144.5, 147.75, 151, 154, 156.5,
159, 0, 0.5, 3.75, 7, 10, 12.5, 15, 24, 24, 48, 72, 96, 120, 144, 144.5, 147.75,
151, 154, 156.5, 159, 0, 0.5, 3.75, 7, 10, 12.5, 15, 24, 24, 48, 72, 96, 120,
144, 144.5, 147.75, 151, 154, 156.5, 159, 0, 0.5, 3.75, 7, 10, 12.5, 15, 24, 24,
48, 72, 96, 120, 144, 144.5, 147.75, 151, 154, 156.5, 159, 0, 0.5, 3.75, 7, 10,
12.5, 15, 24, 24, 48, 72, 96, 120, 144, 144.5, 147.75, 151, 154, 156.5, 159, 0,
0.5, 3.75, 7, 10, 12.5, 15, 24, 24, 48, 72, 96, 120, 144, 144.5, 147.75, 151,
154, 156.5, 159, 0, 0.5, 3.75, 7, 10, 12.5, 15, 24, 24, 48, 72, 96, 120, 144,
144.5, 147.75, 151, 154, 156.5, 159, 0, 0.5, 3.75, 7, 10, 12.5, 15, 24, 24, 48,
72, 96, 120, 144, 144.5, 147.75, 151, 154, 156.5, 159, 0, 0.5, 3.75, 7, 10,
12.5, 15, 24, 24, 48, 72, 96, 120, 144, 144.5, 147.75, 151, 154, 156.5, 159, 0,
0.5, 3.75, 7, 10, 12.5, 15, 24, 24, 48, 72, 96, 120, 144, 144.5, 147.75, 151,
154, 156.5, 159, 0, 0.5, 3.75, 7, 10, 12.5, 15, 24, 24, 48, 72, 96, 120, 144,
144.5, 147.75, 151, 154, 156.5, 159, 0, 0.5, 3.75, 7, 10, 12.5, 15, 24, 24, 48,
72, 96, 120, 144, 144.5, 147.75, 151, 154, 156.5, 159, 0, 0.5, 3.75, 7, 10,
12.5, 15, 24, 24, 48, 72, 96, 120, 144, 144.5, 147.75, 151, 154, 156.5, 159, 0,
0.5, 3.75, 7, 10, 12.5, 15, 24, 24, 48, 72, 96, 120, 144, 144.5, 147.75, 151,
154, 156.5, 159, 0, 0.5, 3.75, 7, 10, 12.5, 15, 24, 24, 48, 72, 96, 120, 144,
144.5, 147.75, 151, 154, 156.5, 159, 0, 0.5, 3.75, 7, 10, 12.5, 15, 24, 24, 48,
72, 96, 120, 144, 144.5, 147.75, 151, 154, 156.5, 159, 0, 0.5, 3.75, 7, 10,
12.5, 15, 24, 24, 48, 72, 96, 120, 144, 144.5, 147.75, 151, 154, 156.5, 159, 0,
0.5, 3.75, 7, 10, 12.5, 15, 24, 24, 48, 72, 96, 120, 144, 144.5, 147.75, 151,
154, 156.5, 159, 0, 0.5, 3.75, 7, 10, 12.5, 15, 24, 24, 48, 72, 96, 120, 144,
144.5, 147.75, 151, 154, 156.5, 159, 0, 0.5, 3.75, 7, 10, 12.5, 15, 24, 24, 48,
72, 96, 120, 144, 144.5, 147.75, 151, 154, 156.5, 159, 0, 0.5, 3.75, 7, 10,
12.5, 15, 24, 24, 48, 72, 96, 120, 144, 144.5, 147.75, 151, 154, 156.5, 159, 0,
0.5, 3.75, 7, 10, 12.5, 15, 24, 24, 48, 72, 96, 120, 144, 144.5, 147.75, 151,
154, 156.5, 159, 0, 0.5, 3.75, 7, 10, 12.5, 15, 24, 24, 48, 72, 96, 120, 144,
144.5, 147.75, 151, 154, 156.5, 159, 0, 0.5, 3.75, 7, 10, 12.5, 15, 24, 24, 48,
72, 96, 120, 144, 144.5, 147.75, 151, 154, 156.5, 159, 0, 0.5, 3.75, 7, 10,
12.5, 15, 24, 24, 48, 72, 96, 120, 144, 144.5, 147.75, 151, 154, 156.5, 159, 0,
0.5, 3.75, 7, 10, 12.5, 15, 24, 24, 48, 72, 96, 120, 144, 144.5, 147.75, 151,
154, 156.5, 159, 0, 0.5, 3.75, 7, 10, 12.5, 15, 24, 24, 48, 72, 96, 120, 144,
144.5, 147.75, 151, 154, 156.5, 159)
cmt <- 
c(1, 2, 2, 2, 2, 2, 2, 2, 1, 2, 2, 2, 2, 2, 2, 2, 2, 2, 2, 2, 1, 2, 2,
2, 2, 2, 2, 2, 1, 2, 2, 2, 2, 2, 2, 2, 2, 2, 2, 2, 1, 2, 2, 2, 2, 2, 2, 2, 1, 2,
2, 2, 2, 2, 2, 2, 2, 2, 2, 2, 1, 2, 2, 2, 2, 2, 2, 2, 1, 2, 2, 2, 2, 2, 2, 2, 2,
2, 2, 2, 1, 2, 2, 2, 2, 2, 2, 2, 1, 2, 2, 2, 2, 2, 2, 2, 2, 2, 2, 2, 1, 2, 2, 2,
2, 2, 2, 2, 1, 2, 2, 2, 2, 2, 2, 2, 2, 2, 2, 2, 1, 2, 2, 2, 2, 2, 2, 2, 1, 2, 2,
2, 2, 2, 2, 2, 2, 2, 2, 2, 1, 2, 2, 2, 2, 2, 2, 2, 1, 2, 2, 2, 2, 2, 2, 2, 2, 2,
2, 2, 1, 2, 2, 2, 2, 2, 2, 2, 1, 2, 2, 2, 2, 2, 2, 2, 2, 2, 2, 2, 1, 2, 2, 2, 2,
2, 2, 2, 1, 2, 2, 2, 2, 2, 2, 2, 2, 2, 2, 2, 1, 2, 2, 2, 2, 2, 2, 2, 1, 2, 2, 2,
2, 2, 2, 2, 2, 2, 2, 2, 1, 2, 2, 2, 2, 2, 2, 2, 1, 2, 2, 2, 2, 2, 2, 2, 2, 2, 2,
2, 1, 2, 2, 2, 2, 2, 2, 2, 1, 2, 2, 2, 2, 2, 2, 2, 2, 2, 2, 2, 1, 2, 2, 2, 2, 2,
2, 2, 1, 2, 2, 2, 2, 2, 2, 2, 2, 2, 2, 2, 1, 2, 2, 2, 2, 2, 2, 2, 1, 2, 2, 2, 2,
2, 2, 2, 2, 2, 2, 2, 1, 2, 2, 2, 2, 2, 2, 2, 1, 2, 2, 2, 2, 2, 2, 2, 2, 2, 2, 2,
1, 2, 2, 2, 2, 2, 2, 2, 1, 2, 2, 2, 2, 2, 2, 2, 2, 2, 2, 2, 1, 2, 2, 2, 2, 2, 2,
2, 1, 2, 2, 2, 2, 2, 2, 2, 2, 2, 2, 2, 1, 2, 2, 2, 2, 2, 2, 2, 1, 2, 2, 2, 2, 2,
2, 2, 2, 2, 2, 2, 1, 2, 2, 2, 2, 2, 2, 2, 1, 2, 2, 2, 2, 2, 2, 2, 2, 2, 2, 2, 1,
2, 2, 2, 2, 2, 2, 2, 1, 2, 2, 2, 2, 2, 2, 2, 2, 2, 2, 2, 1, 2, 2, 2, 2, 2, 2, 2,
1, 2, 2, 2, 2, 2, 2, 2, 2, 2, 2, 2, 1, 2, 2, 2, 2, 2, 2, 2, 1, 2, 2, 2, 2, 2, 2,
2, 2, 2, 2, 2, 1, 2, 2, 2, 2, 2, 2, 2, 1, 2, 2, 2, 2, 2, 2, 2, 2, 2, 2, 2, 1, 2,
2, 2, 2, 2, 2, 2, 1, 2, 2, 2, 2, 2, 2, 2, 2, 2, 2, 2, 1, 2, 2, 2, 2, 2, 2, 2, 1,
2, 2, 2, 2, 2, 2, 2, 2, 2, 2, 2, 1, 2, 2, 2, 2, 2, 2, 2, 1, 2, 2, 2, 2, 2, 2, 2,
2, 2, 2, 2, 1, 2, 2, 2, 2, 2, 2, 2, 1, 2, 2, 2, 2, 2, 2, 2, 2, 2, 2, 2, 1, 2, 2,
2, 2, 2, 2, 2, 1, 2, 2, 2, 2, 2, 2, 2, 2, 2, 2, 2, 1, 2, 2, 2, 2, 2, 2, 2, 1, 2,
2, 2, 2, 2, 2, 2, 2, 2, 2, 2)
evid <- 
c(1, 0, 0, 0, 0, 0, 0, 0, 1, 0, 0, 0, 0, 0, 0, 0, 0, 0, 0, 0, 1, 0, 0,
0, 0, 0, 0, 0, 1, 0, 0, 0, 0, 0, 0, 0, 0, 0, 0, 0, 1, 0, 0, 0, 0, 0, 0, 0, 1, 0,
0, 0, 0, 0, 0, 0, 0, 0, 0, 0, 1, 0, 0, 0, 0, 0, 0, 0, 1, 0, 0, 0, 0, 0, 0, 0, 0,
0, 0, 0, 1, 0, 0, 0, 0, 0, 0, 0, 1, 0, 0, 0, 0, 0, 0, 0, 0, 0, 0, 0, 1, 0, 0, 0,
0, 0, 0, 0, 1, 0, 0, 0, 0, 0, 0, 0, 0, 0, 0, 0, 1, 0, 0, 0, 0, 0, 0, 0, 1, 0, 0,
0, 0, 0, 0, 0, 0, 0, 0, 0, 1, 0, 0, 0, 0, 0, 0, 0, 1, 0, 0, 0, 0, 0, 0, 0, 0, 0,
0, 0, 1, 0, 0, 0, 0, 0, 0, 0, 1, 0, 0, 0, 0, 0, 0, 0, 0, 0, 0, 0, 1, 0, 0, 0, 0,
0, 0, 0, 1, 0, 0, 0, 0, 0, 0, 0, 0, 0, 0, 0, 1, 0, 0, 0, 0, 0, 0, 0, 1, 0, 0, 0,
0, 0, 0, 0, 0, 0, 0, 0, 1, 0, 0, 0, 0, 0, 0, 0, 1, 0, 0, 0, 0, 0, 0, 0, 0, 0, 0,
0, 1, 0, 0, 0, 0, 0, 0, 0, 1, 0, 0, 0, 0, 0, 0, 0, 0, 0, 0, 0, 1, 0, 0, 0, 0, 0,
0, 0, 1, 0, 0, 0, 0, 0, 0, 0, 0, 0, 0, 0, 1, 0, 0, 0, 0, 0, 0, 0, 1, 0, 0, 0, 0,
0, 0, 0, 0, 0, 0, 0, 1, 0, 0, 0, 0, 0, 0, 0, 1, 0, 0, 0, 0, 0, 0, 0, 0, 0, 0, 0,
1, 0, 0, 0, 0, 0, 0, 0, 1, 0, 0, 0, 0, 0, 0, 0, 0, 0, 0, 0, 1, 0, 0, 0, 0, 0, 0,
0, 1, 0, 0, 0, 0, 0, 0, 0, 0, 0, 0, 0, 1, 0, 0, 0, 0, 0, 0, 0, 1, 0, 0, 0, 0, 0,
0, 0, 0, 0, 0, 0, 1, 0, 0, 0, 0, 0, 0, 0, 1, 0, 0, 0, 0, 0, 0, 0, 0, 0, 0, 0, 1,
0, 0, 0, 0, 0, 0, 0, 1, 0, 0, 0, 0, 0, 0, 0, 0, 0, 0, 0, 1, 0, 0, 0, 0, 0, 0, 0,
1, 0, 0, 0, 0, 0, 0, 0, 0, 0, 0, 0, 1, 0, 0, 0, 0, 0, 0, 0, 1, 0, 0, 0, 0, 0, 0,
0, 0, 0, 0, 0, 1, 0, 0, 0, 0, 0, 0, 0, 1, 0, 0, 0, 0, 0, 0, 0, 0, 0, 0, 0, 1, 0,
0, 0, 0, 0, 0, 0, 1, 0, 0, 0, 0, 0, 0, 0, 0, 0, 0, 0, 1, 0, 0, 0, 0, 0, 0, 0, 1,
0, 0, 0, 0, 0, 0, 0, 0, 0, 0, 0, 1, 0, 0, 0, 0, 0, 0, 0, 1, 0, 0, 0, 0, 0, 0, 0,
0, 0, 0, 0, 1, 0, 0, 0, 0, 0, 0, 0, 1, 0, 0, 0, 0, 0, 0, 0, 0, 0, 0, 0, 1, 0, 0,
0, 0, 0, 0, 0, 1, 0, 0, 0, 0, 0, 0, 0, 0, 0, 0, 0, 1, 0, 0, 0, 0, 0, 0, 0, 1, 0,
0, 0, 0, 0, 0, 0, 0, 0, 0, 0)
