addl <- 
c(0, 0, 0, 0, 0, 0, 0, 0, 0, 0, 0, 0, 0, 0, 0, 0, 0, 0)
amt <- 
c(5000, 0, 0, 0, 0, 0, 0, 0, 0, 0, 0, 0, 0, 0, 0, 0, 0, 0)
cmt <- 
c(1, 2, 2, 2, 2, 2, 2, 2, 2, 2, 2, 2, 2, 2, 2, 2, 2, 2)
cObs <- 
c(0.248462322771232, 0.895760826219492, 1.82482556963131, 2.1981886774741, 4.00886863110726,
4.69940241493617, 6.4397495767088, 5.73799438815044, 9.682174435172, 11.8005496942915,
16.1461546016407, 18.1709050600989, 20.2958114201614, 19.0610159459205, 17.8761961315796,
21.8863846379132, 17.7541207045146)
evid <- 
c(1, 0, 0, 0, 0, 0, 0, 0, 0, 0, 0, 0, 0, 0, 0, 0, 0, 0)
ii <- 
c(0, 0, 0, 0, 0, 0, 0, 0, 0, 0, 0, 0, 0, 0, 0, 0, 0, 0)
iObs <- 
c(2, 3, 4, 5, 6, 7, 8, 9, 10, 11, 12, 13, 14, 15, 16, 17, 18)
nObs <- 17
nt <- 18
rate <- 
c(150, 0, 0, 0, 0, 0, 0, 0, 0, 0, 0, 0, 0, 0, 0, 0, 0, 0)
ss <- 
c(0, 0, 0, 0, 0, 0, 0, 0, 0, 0, 0, 0, 0, 0, 0, 0, 0, 0)
time <- 
c(0, 0.25, 0.5, 0.75, 1, 1.25, 1.5, 1.75, 2, 4, 6, 8, 10, 12, 14, 16, 18, 20)
