CL <- 10.9539543164796
ka <- 0.938843050588101
Q <- 14.2821104454494
sigma <- 1.40732738299391
V1 <- 69.1267518526382
V2 <- 66.3558578320389
