N <-
1501
earnings <-
c(9.16515138991168, 4.18330013267038, 5.24404424085076, 
9.21954445729289, 10, 0, 9.59166304662544, 0, 5.91607978309962, 
5.19615242270663, 0, 3.79473319220206, 2.23606797749979, 2.23606797749979, 
3.4928498393146, 5, 8.94427190999916, 10, 3.46410161513775, 1.4142135623731, 
8, 3.87298334620742, 6.32455532033676, 3.40587727318528, 4.58257569495584, 
8.42614977317636, 10, 5.18459255872629, 7.58287544405155, 0, 
0, 3.09838667696593, 3.09838667696593, 6.2449979983984, 8.94427190999916, 
1.54919333848297, 10, 3.46410161513775, 0, 7.41619848709566, 
0, 0, 2.54950975679639, 0, 5.8309518948453, 6.12372435695795, 
10, 8.54400374531753, 0.812403840463596, 10, 0, 3.53553390593274, 
3.22490309931942, 8.74642784226795, 0, 7.74596669241483, 0, 6.89202437604511, 
6.32455532033676, 6.32455532033676, 6.32455532033676, 10, 2.44948974278318, 
8.12403840463596, 6.32455532033676, 0, 0, 2.36643191323985, 7.74596669241483, 
4.47213595499958, 9.89949493661167, 10, 7.74596669241483, 0, 
5.91607978309962, 0, 0, 5.47722557505166, 0, 6.12372435695795, 
0, 7.07106781186548, 6.32455532033676, 0, 8.36660026534076, 3.22490309931942, 
3.87298334620742, 8.94427190999916, 3.74165738677394, 9.32737905308882, 
4.89897948556636, 10, 7.41619848709566, 1.73205080756888, 0, 
0, 0, 6.48074069840786, 5.29150262212918, 5.91607978309962, 0, 
0, 5.65685424949238, 2.73861278752583, 6.70820393249937, 5.56776436283002, 
10, 1.3856406460551, 6.70820393249937, 0, 7.07106781186548, 10, 
0, 4.18330013267038, 0, 4.24264068711928, 6.08276253029822, 0, 
6.16441400296898, 7.48331477354788, 4.47213595499958, 5.91607978309962, 
6.89202437604511, 0, 10, 0, 0, 5.91607978309962, 10, 0, 1.51657508881031, 
7.74596669241483, 3.46410161513775, 6.70820393249937, 2.64575131106459, 
0, 6.32455532033676, 3.74165738677394, 7.30753036257804, 4.47213595499958, 
8.71779788708135, 0, 0, 2.63818119165458, 10, 7.21110255092798, 
0, 0, 4.34741302385683, 5.09901951359278, 10, 4.58257569495584, 
6.70820393249937, 4.47213595499958, 5.8309518948453, 10, 2.07364413533277, 
8.5146931829632, 9.48683298050514, 10, 9.48683298050514, 0, 10, 
7.74596669241483, 4.55104383630833, 0, 9.48683298050514, 10, 
3, 6, 0, 0, 8.66025403784439, 0, 9.1104335791443, 4.47213595499958, 
7.93725393319377, 0, 2.23606797749979, 4.82700735445887, 10, 
0, 10, 9.16515138991168, 0, 5.09901951359278, 0, 8.8994381845148, 
7.74596669241483, 0, 5.47722557505166, 8.36660026534076, 10, 
0, 5.11859355682789, 3.3166247903554, 6.70820393249937, 4.18330013267038, 
5.1478150704935, 0, 6, 5.04975246918104, 4.47213595499958, 4.47213595499958, 
3.74165738677394, 10, 4.69041575982343, 0, 10, 0, 10, 10, 0, 
7.41619848709566, 10, 10, 9.21954445729289, 3.74165738677394, 
0, 5.24404424085076, 3.46410161513775, 4.69041575982343, 4.56070170039655, 
7.41619848709566, 2.23606797749979, 6.92820323027551, 0, 9.89949493661167, 
4.79583152331272, 3.74165738677394, 6.32455532033676, 1.4142135623731, 
8.36660026534076, 5.19615242270663, 5.65685424949238, 8.24621125123532, 
0, 2.44948974278318, 9.21954445729289, 6.70820393249937, 0, 10, 
10, 1.58113883008419, 3.30090896572444, 0, 5.47722557505166, 
6.92820323027551, 0, 10, 2.23606797749979, 0, 7.07106781186548, 
10, 0, 9.05538513813742, 1.88148877222268, 0, 8.66025403784439, 
5, 5.47722557505166, 0, 3.22490309931942, 5.74456264653803, 0, 
4.24264068711928, 10, 7.18331399842719, 2.44948974278318, 10, 
5.74456264653803, 10, 9.64365076099295, 0, 0, 0, 0, 8.12403840463596, 
0, 3.74165738677394, 7.18331399842719, 5.19615242270663, 2.5298221281347, 
6.57267069006199, 10, 10, 3.76828873628335, 0, 6.89202437604511, 
2.23606797749979, 10, 0, 10, 2.23606797749979, 6.48074069840786, 
3.85123356861149, 4.69893604978829, 5.65685424949238, 4.89897948556636, 
0, 5.3851648071345, 5, 10, 5.95818764390649, 7.34846922834953, 
3.46410161513775, 2.23606797749979, 0, 0, 0, 0, 2.59229627936314, 
5.47722557505166, 3.3166247903554, 5.47722557505166, 0, 4.84767985741633, 
2.82842712474619, 0, 0.781024967590665, 0, 0, 10, 5.47722557505166, 
0, 0, 0, 5.19615242270663, 7.41619848709566, 10, 2.82842712474619, 
0, 4.47213595499958, 8.36660026534076, 4, 5.47722557505166, 0, 
4.79583152331272, 3.286335345031, 0, 7.74596669241483, 3, 9.79795897113271, 
6.78232998312527, 9.53939201416946, 10, 0, 10, 5.91607978309962, 
0, 9.05538513813742, 3.87298334620742, 0, 5, 5.29150262212918, 
0, 4.18330013267038, 7.21110255092798, 10, 4.12310562561766, 
10, 3.22490309931942, 2.87228132326901, 8.60232526704263, 8.94427190999916, 
7.87400787401181, 5.19615242270663, 8.66025403784439, 10, 0, 
10, 3.09838667696593, 3.60555127546399, 9.16515138991168, 2.23606797749979, 
4.74341649025257, 0, 0, 0, 3.49571165858971, 0, 10, 5.47722557505166, 
8.36660026534076, 2.44948974278318, 10, 10, 10, 4.47213595499958, 
5.65685424949238, 2, 8.06225774829855, 6.557438524302, 9.48683298050514, 
4.69041575982343, 0, 8.66025403784439, 10, 10, 10, 6.32455532033676, 
8.54400374531753, 0, 0, 0, 7.41619848709566, 10, 5.65685424949238, 
8.06225774829855, 0, 4.38178046004133, 4.47213595499958, 7.74596669241483, 
10, 3.82099463490856, 5.19615242270663, 3.16227766016838, 5, 
0, 0, 5.93295878967653, 8.71779788708135, 0, 5.47722557505166, 
5.24404424085076, 5.65685424949238, 3.53553390593274, 2.59229627936314, 
0, 0, 7.87400787401181, 0, 0, 5.29150262212918, 0, 0, 5, 0, 6.32455532033676, 
0, 10, 0, 10, 8.66025403784439, 10, 3.09838667696593, 7.74596669241483, 
4.69041575982343, 0, 6.16441400296898, 4.6475800154489, 5.47722557505166, 
8.66025403784439, 6.16441400296898, 2, 9.32737905308882, 3, 5.3665631459995, 
5.47722557505166, 3.87298334620742, 0, 3.9496835316263, 6, 0, 
7.21110255092798, 0, 0, 4.89897948556636, 3.16227766016838, 6.78232998312527, 
10, 0, 4.74341649025257, 9.79795897113271, 0, 6, 2.68328157299975, 
7.07106781186548, 6.59545297913646, 2.68328157299975, 4.47213595499958, 
0, 7.07106781186548, 6.92820323027551, 3.67423461417477, 10, 
0, 2.23606797749979, 10, 1.73205080756888, 0, 0, 4.69041575982343, 
10, 8.06225774829855, 10, 10, 7.61577310586391, 10, 10, 0, 0, 
0, 5.91607978309962, 10, 0, 6.557438524302, 3.53553390593274, 
6.32455532033676, 0, 6.32455532033676, 5.47722557505166, 5.91607978309962, 
3.16227766016838, 0, 1.4142135623731, 10, 7.41619848709566, 4.02492235949962, 
0, 0, 8.06225774829855, 1.36014705087354, 0, 8.36660026534076, 
7.07106781186548, 10, 10, 0, 6.92820323027551, 10, 0, 2.23606797749979, 
0, 6.78232998312527, 2.5298221281347, 0, 8.42614977317636, 0, 
4.69041575982343, 0, 9.48683298050514, 5.47722557505166, 6.70820393249937, 
7.87400787401181, 7.74596669241483, 7.74596669241483, 7.74596669241483, 
6.6332495807108, 3.17804971641414, 4.38178046004133, 2.44948974278318, 
5.29150262212918, 8.30662386291807, 5.47722557505166, 7.48331477354788, 
5.69209978830308, 10, 7.81024967590665, 8.54400374531753, 7.41619848709566, 
5.47722557505166, 3.74165738677394, 3.16227766016838, 0, 10, 
5.47722557505166, 9.38083151964686, 5.09901951359278, 10, 3.3466401061363, 
0, 6.70820393249937, 8.04984471899924, 10, 4.58257569495584, 
1.78885438199983, 8.94427190999916, 0, 0, 0, 2.50998007960223, 
0, 4.35889894354067, 1.18321595661992, 5.47722557505166, 8.42614977317636, 
5.79655069847578, 0, 0, 9.48683298050514, 6.32455532033676, 0, 
0, 0, 10, 0, 5.91607978309962, 7.74596669241483, 5.91607978309962, 
0, 4.24264068711928, 6.557438524302, 3.74165738677394, 0.781024967590665, 
0, 3.79473319220206, 10, 10, 9.05538513813742, 9.48683298050514, 
10, 8.36660026534076, 7.74596669241483, 0, 4.9598387070549, 0, 
6.70820393249937, 0, 10, 0, 6.2449979983984, 2.44948974278318, 
10, 0, 10, 6.70820393249937, 6.08276253029822, 6.70820393249937, 
0, 4.55104383630833, 7.93725393319377, 8.66025403784439, 5.74456264653803, 
3.66606055596467, 10, 3.09838667696593, 0, 5.47722557505166, 
8.71779788708135, 2.23606797749979, 7.07106781186548, 2.89827534923789, 
0, 6.2449979983984, 0.707106781186548, 0, 7.41619848709566, 1.34164078649987, 
4.6475800154489, 4.58257569495584, 10, 10, 0, 5.74456264653803, 
