CLHat <- 8.58592045790171
etaStd <- 
structure(c(0, 0, 0, 0, 0, 0, 0, 0, 0, 0, 0, 0, 0, 0, 0, 0, 0, 0, 0, 0, 0, 0, 0, 0, 0, 0, 0, 0, 0,
0, 0, 0, 0, 0, 0, 0, 0, 0, 0, 0, 0, 0, 0, 0, 0, 0, 0, 0, 0, 0),
.Dim = c(5, 10))
kaHat <- 1.16832271351022
L <- 
structure(c(1, 0, 0, 0, 0, 0, 1, 0, 0, 0, 0, 0, 1, 0, 0, 0, 0, 0, 1, 0, 0, 0, 0, 0, 1),
.Dim = c(5, 5))
logtheta <- 
structure(c(2.32024842025549, 2.32024842025549, 2.32024842025549, 2.32024842025549,
2.32024842025549, 2.32024842025549, 2.32024842025549, 2.32024842025549, 2.32024842025549,
2.32024842025549, 2.70920409509949, 2.70920409509949, 2.70920409509949, 2.70920409509949,
2.70920409509949, 2.70920409509949, 2.70920409509949, 2.70920409509949, 2.70920409509949,
2.70920409509949, 4.43725464042358, 4.43725464042358, 4.43725464042358, 4.43725464042358,
4.43725464042358, 4.43725464042358, 4.43725464042358, 4.43725464042358, 4.43725464042358,
4.43725464042358, 4.49743307007687, 4.49743307007687, 4.49743307007687, 4.49743307007687,
4.49743307007687, 4.49743307007687, 4.49743307007687, 4.49743307007687, 4.49743307007687,
4.49743307007687, 0.242920479663562, 0.242920479663562, 0.242920479663562, 0.242920479663562,
0.242920479663562, 0.242920479663562, 0.242920479663562, 0.242920479663562, 0.242920479663562,
0.242920479663562),
.Dim = c(10, 5))
omega <- 
c(0.713845687219873, 0.71351811371278, 1.09785221749917, 0.932847069110721,
1.22428205201868)
QHat <- 17.098531131014
sigma <- 1.90718540956732
V1Hat <- 93.4153729183571
V2Hat <- 54.1305339063297
