marr <-
structure(c(3, 0, 0, 0, 0, 0, 0, 0, 0, 0, 0, 0, 0, 0, 0, 1, 0, 
0, 0, 0, 0, 0, 0, 0, 0, 0, 0, 0, 1, 0, 1, 0, 0, 0, 0, 0, 0, 0, 
0, 0, 0, 0, 1, 1, 1, 0, 0, 0, 0, 0, 0, 0, 0, 0, 0, 0, 1, 2, 1, 
4, 1, 0, 0, 0, 0, 0, 0, 0, 0, 0, 1, 1, 2, 0, 0, 2, 0, 0, 0, 0, 
0, 0, 0, 0, 2, 0, 2, 1, 1, 5, 2, 0, 0, 0, 0, 0, 0, 0, 0, 0, 0, 
0, 0, 1, 1, 0, 0, 0, 0, 0, 0, 0, 0, 1, 0, 0, 0, 2, 2, 0, 1, 0, 
0, 0, 0, 0, 0, 0, 0, 2, 0, 0, 0, 1, 0, 1, 0, 0, 0, 0, 1, 1, 0, 
0, 0, 1, 1, 1, 1, 1, 2, 0, 0, 0, 1, 0, 0, 0, 0, 0, 0, 0, 3, 4, 
1, 2, 0, 0, 0, 0, 0, 0, 0, 0, 1, 1, 0, 2, 3, 0, 0, 0, 0, 0, 1, 
0, 0, 0, 0, 1, 2, 0, 1, 1, 0, 3, 39, 43, 42, 43, 48, 39, 43, 
46, 43, 42, 43, 47, 50, 47), .Dim = 14:15)
n_occasions <-
14
