marr_j <-
c(42, 18, 5, 7, 4, 3, 2, 1, 2, 2, 1, 0, 1, 3, 0, 0, 1, 1388)
marr_a <-
c(3, 1, 1, 3, 0, 2, 1, 0, 1, 1, 0, 1, 1, 0, 0, 0, 0, 137)
n_age <-
17
