K <-
3
J <-
7
N <-
100
x <-
structure(c(-4.9293152161323, -4.28111288873119, 0.110178856356099, 
1.10145430236953, -0.0486682607538584, 4.55856555934916, 4.83373542461331, 
-1.81755021619227, 7.0435518341389, 3.09568439506987, 0.930049566852373, 
4.49643546440281, -1.37219596176768, -1.42436258053359, -1.36633982568846, 
3.4210716971807, -0.524644760398056, -1.78133870847431, 1.83001647429834, 
2.51680235708352, 5.59127218993956, -0.850503753869226, -0.703318954117049, 
2.77616605914369, 2.21003737524486, -2.74056988892979, 0.268748016007675, 
1.01357397816134, -0.476414803389089, -4.9785919041453, -0.877425015868853, 
-0.77081953737505, 0.289273912266588, -0.449843186936985, 1.42171957389968, 
7.90128315528603, 1.63640736489473, 1.95112501594483, -0.395096233949295, 
2.17503461665071, -2.18631960160956, -1.4893755317172, 6.85623837362285, 
10.4484635933498, 3.16480340399889, 4.750732250285, 1.37722106884384, 
-0.0834913090599134, 3.41577209996937, -1.82705936912682, -0.535846521854159, 
3.60770623868141, 3.04537968137751, 7.77544577118517, -2.38862010194376, 
5.91405294332433, -0.525654069075763, 1.26626283282575, 0.855013525347099, 
-4.65088446749925, 0.865872528395402, 5.13553067211373, -3.67714306950452, 
2.91153040587357, -1.84972444929027, -1.77019579118533, -4.34826855465351, 
4.69670138008333, 0.377925285547389, -3.2398384500697, 1.02640440469183, 
5.89180147974672, -1.11160965099485, -5.54541773058453, 2.60046916703684, 
4.88826157305663, 1.03531734694877, 3.30395284992085, -4.98944724482338, 
0.304070910419679, -1.37718788850866, 2.07605861718266, 4.17553027124402, 
3.83681168055899, 2.83766135068285, 0.851772837471902, -1.77841628716839, 
1.30944828768548, 5.6620896514301, 2.5433234959777, 0.289324594818675, 
-0.211918192161516, 0.847884239182433, -0.732063581168649, 2.68830334214101, 
8.90037361716519, -5.25439407121493, -0.76463776242854, 4.94659557497857, 
-1.34953495551524, -2.07959962884347, -0.752411932600817, -0.350324907205414, 
3.84400539769539, 5.34640160080807, 0.00885776302947461, -0.765686074137264, 
0.934651149845293, 2.4694532307401, 6.24892531351259, 2.36351157930529, 
2.71814427462983, -3.2630414503067, 6.98472112276085, -3.30626786681545, 
0.814814588446948, 3.36675157593301, -0.622705042481459, -0.15473276488751, 
5.67158916096357, 8.46539618992859, 0.18389597111848, 0.377379681108899, 
-0.244465818134152, -8.57570112827917, 0.189027442323541, 1.08066637187566, 
5.76653737589105, -0.341055159107619, 4.76353001422797, 3.63846635527611, 
1.10566497175739, 0.182373253754899, 2.49482396379298, 5.52967135202629, 
3.41740025501637, -2.52569400111921, 2.10919736400477, 2.85559826747929, 
1.8326507249412, -1.1498626338923, 1.73733718878351, 2.1855699262718, 
3.31652192110478, 0.724330762810785, -0.0708366631074844, 4.7731810672221, 
4.54537322101519, 8.12055729985141, -0.456100820597052, 6.41080861878661, 
0.926429533948827, 3.58883734006631, -3.61730909945101, 4.09983174956858, 
5.82128618320544, 2.7020899655397, 1.73862558062121, -4.70771855087568, 
1.32836250696706, 8.05374235241793, 3.28481562160507, -2.57942200337809, 
0.0134871379847834, 1.11328342677, 6.29798260725107, -6.46317280643465, 
-3.46006954220161, 0.38018772818331, -2.32358204370849, 3.87030140994825, 
2.90747046685636, 1.47920644051174, -1.80866096845668, -1.20314743906197, 
1.95025176194022, 5.29152223139915, 3.09949255722419, 0.397541067297903, 
4.31415527200608, 4.09812527870282, 4.05674198175148, -3.73236849304082, 
12.611614082654, -0.576755458476653, 5.47087578394899, -0.102114247075775, 
0.167308198994716, 5.47697929811204, -3.41172347678649, 4.28651156834453, 
0.410417143374885, 0.981239654921878, 3.57448975567299, 3.10721521938495, 
3.02351768311035, 2.90438991619691, 0.683690019003578, 2.5036461646031, 
1.09098701407154, -0.340650905436258, -2.62247867425989, -1.37323964238658, 
6.75142526116389, -3.72623104256252, 0.411672583275207, 4.81106967308056, 
5.56634070020681, 5.16842354044369, 5.09335860028791, 8.24842188804623, 
6.27522907242327, 3.93963442749761, 9.44177406298254, 0.229679377049022, 
1.70630224419866, 1.24906453292454, 0.0742950538810434, -2.93974859383547, 
7.42357307052509, 0.127638563368547, -1.55828644996054, -6.91755897920313, 
4.47235602992183, -4.98700794111982, 6.10678084075551, -2.57083989574395, 
3.26602756615314, 2.79134515267301, 0.396591281171199, -0.903042049757266, 
3.23310619609808, 1.60975732746734, 2.95042590185936, 9.61929019616455, 
6.13814124495752, 6.24543457495669, 0.127824336458214, 6.68930800974868, 
-1.40496243095126, 2.04517903812056, 3.39492480275871, 6.11693015102743, 
7.46966636305665, 7.28412602425207, 3.91560763683153, 0.416282348688829, 
7.42180914742179, 6.52820230783415, -0.341280628546615, 3.67849355219673, 
4.24340562468934, 5.5033682321931, -0.20854280066109, -3.53388122271398, 
4.40853708738947, 6.11564431641872, 12.3851075640163, 4.1886758768539, 
-1.87557761073677, -1.5555674582064, 6.91473504332291, -3.0640014610156, 
0.324318363729038, 7.74425642175088, 5.24081413898157, -0.644684364071749, 
8.59645283933989, 2.80508904931348, 0.954180094797341, 3.29075283431286, 
1.46742834104395, -3.03929569533403, 0.79170863262725, 1.07303421378533, 
1.88945431755896, 8.94704019908172, 5.90807166548294, 9.14291066377238, 
6.41300207299517, 2.55035641093027, 6.83313663269868, 0.708210159454983, 
2.18157763092348, 7.07305984510953, 6.68867755457974, -2.04196819006824, 
7.88078523247626, 0.158640040415509, 9.07379123507767, 2.31896387608582, 
7.55400214558076, 0.944477532593349, 3.28813401566612, 5.96583779765668, 
9.95405411054287, 4.00122592636962, 6.36965158138883, 6.98389622717283, 
3.18324384446724, 4.7280891605892, -3.43602258991334, 4.88216979824558, 
4.67683831498282, 5.64449730417614, 2.81856460138858, 3.17250300985308, 
3.52890863662076, 3.79328306029784, 5.85601090912348, 10.1104636234835, 
10.5822636413396, 2.43636681559622, 7.85275459390285, 4.64603311913114, 
2.33133216109407, 5.04792657797774, 7.6956923170266, -0.708486785272338, 
6.28189144874237, 3.96183493632501, 7.88434799483823, -1.93594558354258, 
10.5785922044893, 4.83948351040208, 10.2669931873368, -1.82452327906734, 
7.26934775324278, -0.395031686790807, 2.03783481759751, 0.0455121781017045, 
0.43230256191841, 1.30869143522949, 2.24157802653798, 3.33569640045989, 
14.0948601222696, -0.807597805496866, 11.7835137676217, 9.64251599874287, 
5.24176478659766, 7.14998581896346, 8.32192120402525, 4.20632125934657, 
16.2731984721769, 4.94792759353658, 9.92889241750609, 6.70732138186671, 
4.13054817345991, 5.95202078094458, 3.13656871832309, 3.33688448986957, 
0.891907137826432, 7.25708371174415, 10.9595258614979, 7.13770943661486, 
6.61818739588259, 4.81909789170315, 10.3253842937658, 5.07520699674526, 
2.4715649558841, 12.5518591599554, 8.46959685516093, -3.43215761228371, 
2.56234244302622, -1.58225626888447, 1.52658056714679, 0.534880460667473, 
0.104999018746492, 7.47235474721325, -1.89825526636091, 5.04800625014559, 
7.69687513641572, 7.27702065704163, 3.30898710179028, 6.54910717970355, 
9.73464368097508, 8.69711342102199, 0.946077153915603, 4.94393092982363, 
5.3268427137565, 4.95199314388732, 9.43416152683366, 3.88685625260312, 
6.5904086531472, 2.97144582580762, 3.30393473373894, 2.56127770913048, 
7.39846973976687, 7.92387831211656, 7.58580818970756, 3.68375396546312, 
2.55856320659705, 3.70520278364726, 3.30632777857604, 7.15491804675294, 
7.12888321431347, 7.54654526960949, 0.284302927950561, 5.55664102103988, 
-1.97786220146478, -6.26351543065797, -5.13498359185899, -9.66753048171523, 
-6.15679742731047, 1.43065877940175, -1.67046930507101, -1.6129827037709, 
-3.50173549538438, 4.22802824555832, -4.68498960952856, 2.31590230795764, 
1.02068480956154, 2.96904733634108, 2.67275149813013, -1.28845775695345, 
-2.07585495193971, -0.834523409845938, 0.672445297629858, -4.35585347107004, 
-1.18032649640937, -1.27470557008579, 4.38355514786253, 1.1110044696718, 
3.49744681795882, -11.181459270167, -0.312144640889397, -2.75546496119024, 
