K <-
3
V <-
10
T <-
100
w <-
c(1, 5, 9, 1, 10, 10, 9, 9, 10, 10, 9, 1, 9, 1, 10, 1, 10, 10, 
9, 9, 1, 10, 1, 9, 10, 1, 10, 9, 10, 10, 9, 1, 9, 1, 9, 9, 1, 
9, 1, 9, 10, 1, 9, 9, 10, 9, 5, 1, 10, 7, 1, 10, 9, 7, 8, 10, 
9, 1, 9, 9, 10, 10, 9, 1, 10, 9, 9, 1, 9, 1, 9, 1, 9, 10, 9, 
1, 9, 9, 7, 7, 9, 1, 9, 1, 10, 10, 9, 9, 1, 10, 10, 1, 7, 10, 
1, 10, 9, 9, 10, 4)
z <-
c(2, 1, 3, 2, 1, 1, 3, 3, 1, 1, 3, 2, 3, 2, 1, 2, 1, 1, 3, 3, 
2, 1, 2, 3, 1, 2, 1, 3, 1, 1, 3, 2, 1, 2, 3, 3, 2, 3, 2, 3, 1, 
2, 1, 3, 1, 3, 1, 2, 1, 3, 2, 1, 3, 3, 2, 1, 3, 2, 3, 1, 1, 1, 
3, 2, 1, 3, 3, 2, 1, 2, 3, 2, 3, 1, 3, 2, 3, 1, 1, 1, 3, 2, 3, 
2, 1, 1, 1, 3, 2, 1, 1, 2, 3, 1, 2, 1, 3, 1, 1, 2)
alpha <-
c(1, 1, 1)
beta <-
c(0.1, 0.1, 0.1, 0.1, 0.1, 0.1, 0.1, 0.1, 0.1, 0.1)
