# transcribed from:  http://www.montana.edu/rotella/502/CJS.pdf
#            001 010  011 100 101 110 111
#              1   2    3   4   5   6   7
history <- c(82,  75, 37, 89, 16, 41, 19);
