N <- 2
y <- c(0, 1)
