stan_inits <-
list(list(guess = c(0.173854851676151, 0.181738773267716, 0.222301989654079, 
0.211546664079651, 0.114042957825586, 0.141044987784699, 0.19000076209195, 
0.16875654309988, 0.164420243958011, 0.174635574920103, 0.146565082948655, 
0.171233648341149, 0.218854682240635, 0.229661599732935, 0.27925452394411, 
0.165005910396576, 0.131669705361128, 0.256567814201117, 0.279368064180016, 
0.234772726520896), slip = c(0.100460428372025, 0.16896804231219, 
0.250538210058585, 0.127525226352736, 0.162301842356101, 0.134040998062119, 
0.147117811487988, 0.2741279986687, 0.200190237117931, 0.275178100541234, 
0.23179298969917, 0.118227858887985, 0.274259975412861, 0.175820245267823, 
0.281475796643645, 0.280904794065282, 0.271138807851821, 0.280652623390779, 
0.163794032949954, 0.176634340500459)), list(guess = c(0.359124362515286, 
0.206868549156934, 0.274162271944806, 0.21110336300917, 0.223700314294547, 
0.389421601174399, 0.384024356864393, 0.287841674312949, 0.285067651048303, 
0.346505914721638, 0.275622811634094, 0.32298099915497, 0.355512168863788, 
0.373265700368211, 0.352810066379607, 0.370750229526311, 0.366454934934154, 
0.269273930974305, 0.345593537623063, 0.386074913619086), slip = c(0.323810679558665, 
0.384187014168128, 0.3372371152509, 0.282532482640818, 0.334473543427885, 
0.290427096746862, 0.311317394953221, 0.274816812155768, 0.204470219928771, 
0.397234063223004, 0.376869864901528, 0.386845087865368, 0.34244106891565, 
0.335748849762604, 0.314305912517011, 0.21856160457246, 0.316001262422651, 
0.348615865269676, 0.344802272692323, 0.224476836714894)), list(
    guess = c(0.420496616559103, 0.45259098787792, 0.356612621992826, 
    0.3255963829346, 0.424029059614986, 0.330351631529629, 0.312498401431367, 
    0.326026806049049, 0.417797145992517, 0.37378313629888, 0.357571812393144, 
    0.43037898298353, 0.470087724272162, 0.301122493809089, 0.428358665108681, 
    0.334526625275612, 0.368246054975316, 0.389422265160829, 
    0.354075345443562, 0.485011461051181), slip = c(0.476488861860707, 
    0.452696038410068, 0.488448624871671, 0.455067888321355, 
    0.365149900922552, 0.411818504380062, 0.368609371874481, 
    0.498263927735388, 0.369809408439323, 0.486919756513089, 
    0.469476373586804, 0.44965554792434, 0.380802664393559, 0.353584709530696, 
    0.301571649685502, 0.327322708349675, 0.320410494925454, 
    0.489020038582385, 0.306588678387925, 0.30732505870983)), 
    list(guess = c(0.542716079903766, 0.474292147019878, 0.488383203651756, 
    0.568924304144457, 0.431098108226433, 0.519337016157806, 
    0.520342161832377, 0.551519053243101, 0.591543720662594, 
    0.411258528148755, 0.591653681732714, 0.572563724918291, 
    0.54041086146608, 0.470862127048895, 0.436921686399728, 0.531375486310571, 
    0.549419872835278, 0.437110975803807, 0.548804868524894, 
    0.518993500014767), slip = c(0.447318142838776, 0.553352294256911, 
    0.431136306235567, 0.558054998889565, 0.588673631288111, 
    0.599431884754449, 0.506964546767995, 0.433067916007712, 
    0.401690324069932, 0.553209832077846, 0.459586207382381, 
    0.591721482900903, 0.524980736291036, 0.514297045301646, 
    0.435491224564612, 0.448434345144778, 0.501117298752069, 
    0.571815642621368, 0.495542142679915, 0.481124738650396)))
