CLHat <- 14.0927666072677
kaHat <- 2.50249421909285
logtheta <- 
structure(c(2.30258509299405, 2.30258509299405, 2.30258509299405,
2.30258509299405, 2.30258509299405, 2.30258509299405, 2.30258509299405,
2.30258509299405, 2.30258509299405, 2.30258509299405, 2.30258509299405,
2.30258509299405, 2.30258509299405, 2.30258509299405, 2.30258509299405,
2.30258509299405, 2.30258509299405, 2.30258509299405, 2.30258509299405,
2.30258509299405, 2.30258509299405, 2.30258509299405, 2.30258509299405,
2.30258509299405, 2.30258509299405, 2.30258509299405, 2.30258509299405,
2.30258509299405, 2.30258509299405, 2.30258509299405, 2.30258509299405,
2.30258509299405, 2.30258509299405, 2.30258509299405, 2.30258509299405,
2.30258509299405, 2.30258509299405, 2.30258509299405, 2.30258509299405,
2.30258509299405, 2.30258509299405, 2.30258509299405, 2.30258509299405,
2.30258509299405, 2.30258509299405, 2.30258509299405, 2.30258509299405,
2.30258509299405, 2.30258509299405, 2.30258509299405, 2.30258509299405,
2.30258509299405, 2.30258509299405, 2.30258509299405, 2.30258509299405,
2.30258509299405, 2.30258509299405, 2.30258509299405, 2.30258509299405,
2.30258509299405, 2.30258509299405, 2.30258509299405, 2.30258509299405,
2.30258509299405, 2.30258509299405, 2.30258509299405, 2.30258509299405,
2.30258509299405, 2.30258509299405, 2.30258509299405, 2.30258509299405,
2.30258509299405, 2.30258509299405, 2.30258509299405, 2.30258509299405,
2.30258509299405, 2.30258509299405, 2.30258509299405, 2.30258509299405,
2.30258509299405, 2.30258509299405, 2.30258509299405, 2.30258509299405,
2.30258509299405, 2.30258509299405, 2.30258509299405, 2.30258509299405,
2.30258509299405, 2.30258509299405, 2.30258509299405, 2.30258509299405,
2.30258509299405, 2.30258509299405, 2.30258509299405, 2.30258509299405,
2.30258509299405, 2.30258509299405, 2.30258509299405, 2.30258509299405,
2.30258509299405, 2.30258509299405, 2.30258509299405, 2.30258509299405,
2.30258509299405, 2.30258509299405, 2.30258509299405, 2.30258509299405,
2.30258509299405, 2.30258509299405, 2.30258509299405, 2.30258509299405,
2.30258509299405, 2.30258509299405, 2.30258509299405, 2.30258509299405,
2.30258509299405, 2.30258509299405, 2.30258509299405, 2.30258509299405,
2.30258509299405, 2.30258509299405, 2.30258509299405, 2.30258509299405,
2.30258509299405, 2.30258509299405, 2.30258509299405, 2.30258509299405,
2.30258509299405, 2.30258509299405, 2.30258509299405, 2.30258509299405,
2.30258509299405, 2.30258509299405, 2.30258509299405, 2.30258509299405,
2.30258509299405, 2.30258509299405, 2.30258509299405, 2.30258509299405,
2.30258509299405, 2.30258509299405, 2.30258509299405, 2.30258509299405,
2.30258509299405, 2.30258509299405, 2.30258509299405, 2.30258509299405,
2.30258509299405, 2.30258509299405, 2.30258509299405, 2.30258509299405,
2.30258509299405, 2.30258509299405, 2.30258509299405, 2.30258509299405,
2.30258509299405, 2.30258509299405, 2.30258509299405, 2.30258509299405,
2.30258509299405, 2.30258509299405, 2.30258509299405, 2.30258509299405,
2.30258509299405, 2.30258509299405, 2.30258509299405, 2.30258509299405,
2.30258509299405, 2.30258509299405, 2.30258509299405, 2.30258509299405,
2.30258509299405, 2.30258509299405, 2.30258509299405, 2.30258509299405,
2.30258509299405, 2.30258509299405, 2.30258509299405, 2.30258509299405,
2.30258509299405, 2.30258509299405, 2.30258509299405, 2.30258509299405,
2.30258509299405, 2.30258509299405, 2.30258509299405, 2.30258509299405,
2.30258509299405, 2.30258509299405, 2.30258509299405, 2.30258509299405,
2.30258509299405, 2.30258509299405, 2.30258509299405, 2.30258509299405,
2.30258509299405, 2.30258509299405, 2.30258509299405, 2.30258509299405,
2.30258509299405, 2.30258509299405, 2.30258509299405, 2.30258509299405,
2.30258509299405, 2.30258509299405, 2.30258509299405, 2.30258509299405,
2.30258509299405, 2.30258509299405, 2.30258509299405, 2.30258509299405,
2.30258509299405, 2.70805020110221, 2.70805020110221, 2.70805020110221,
2.70805020110221, 2.70805020110221, 2.70805020110221, 2.70805020110221,
2.70805020110221, 2.70805020110221, 2.70805020110221, 2.70805020110221,
2.70805020110221, 2.70805020110221, 2.70805020110221, 2.70805020110221,
2.70805020110221, 2.70805020110221, 2.70805020110221, 2.70805020110221,
2.70805020110221, 2.70805020110221, 2.70805020110221, 2.70805020110221,
2.70805020110221, 2.70805020110221, 2.70805020110221, 2.70805020110221,
2.70805020110221, 2.70805020110221, 2.70805020110221, 2.70805020110221,
2.70805020110221, 2.70805020110221, 2.70805020110221, 2.70805020110221,
2.70805020110221, 2.70805020110221, 2.70805020110221, 2.70805020110221,
2.70805020110221, 2.70805020110221, 2.70805020110221, 2.70805020110221,
2.70805020110221, 2.70805020110221, 2.70805020110221, 2.70805020110221,
2.70805020110221, 2.70805020110221, 2.70805020110221, 2.70805020110221,
2.70805020110221, 2.70805020110221, 2.70805020110221, 2.70805020110221,
2.70805020110221, 2.70805020110221, 2.70805020110221, 2.70805020110221,
2.70805020110221, 2.70805020110221, 2.70805020110221, 2.70805020110221,
2.70805020110221, 2.70805020110221, 2.70805020110221, 2.70805020110221,
2.70805020110221, 2.70805020110221, 2.70805020110221, 2.70805020110221,
2.70805020110221, 2.70805020110221, 2.70805020110221, 2.70805020110221,
2.70805020110221, 2.70805020110221, 2.70805020110221, 2.70805020110221,
2.70805020110221, 2.70805020110221, 2.70805020110221, 2.70805020110221,
2.70805020110221, 2.70805020110221, 2.70805020110221, 2.70805020110221,
2.70805020110221, 2.70805020110221, 2.70805020110221, 2.70805020110221,
2.70805020110221, 2.70805020110221, 2.70805020110221, 2.70805020110221,
2.70805020110221, 2.70805020110221, 2.70805020110221, 2.70805020110221,
2.70805020110221, 2.70805020110221, 2.70805020110221, 2.70805020110221,
2.70805020110221, 2.70805020110221, 2.70805020110221, 2.70805020110221,
2.70805020110221, 2.70805020110221, 2.70805020110221, 2.70805020110221,
2.70805020110221, 2.70805020110221, 2.70805020110221, 2.70805020110221,
2.70805020110221, 2.70805020110221, 2.70805020110221, 2.70805020110221,
2.70805020110221, 2.70805020110221, 2.70805020110221, 2.70805020110221,
2.70805020110221, 2.70805020110221, 2.70805020110221, 2.70805020110221,
2.70805020110221, 2.70805020110221, 2.70805020110221, 2.70805020110221,
2.70805020110221, 2.70805020110221, 2.70805020110221, 2.70805020110221,
2.70805020110221, 2.70805020110221, 2.70805020110221, 2.70805020110221,
2.70805020110221, 2.70805020110221, 2.70805020110221, 2.70805020110221,
2.70805020110221, 2.70805020110221, 2.70805020110221, 2.70805020110221,
2.70805020110221, 2.70805020110221, 2.70805020110221, 2.70805020110221,
2.70805020110221, 2.70805020110221, 2.70805020110221, 2.70805020110221,
2.70805020110221, 2.70805020110221, 2.70805020110221, 2.70805020110221,
2.70805020110221, 2.70805020110221, 2.70805020110221, 2.70805020110221,
2.70805020110221, 2.70805020110221, 2.70805020110221, 2.70805020110221,
2.70805020110221, 2.70805020110221, 2.70805020110221, 2.70805020110221,
2.70805020110221, 2.70805020110221, 2.70805020110221, 2.70805020110221,
2.70805020110221, 2.70805020110221, 2.70805020110221, 2.70805020110221,
2.70805020110221, 2.70805020110221, 2.70805020110221, 2.70805020110221,
2.70805020110221, 2.70805020110221, 2.70805020110221, 2.70805020110221,
2.70805020110221, 2.70805020110221, 2.70805020110221, 2.70805020110221,
2.70805020110221, 2.70805020110221, 2.70805020110221, 2.70805020110221,
2.70805020110221, 2.70805020110221, 2.70805020110221, 2.70805020110221,
2.70805020110221, 2.70805020110221, 2.70805020110221, 2.70805020110221,
2.70805020110221, 2.70805020110221, 2.70805020110221, 2.70805020110221,
2.70805020110221, 2.70805020110221, 2.70805020110221, 2.70805020110221,
2.70805020110221, 3.55534806148941, 3.55534806148941, 3.55534806148941,
3.55534806148941, 3.55534806148941, 3.55534806148941, 3.55534806148941,
3.55534806148941, 3.55534806148941, 3.55534806148941, 3.55534806148941,
3.55534806148941, 3.55534806148941, 3.55534806148941, 3.55534806148941,
