tau <- 0.1
dt <- 0.1
N_time <- 200
N_node <- 5
K <- 
structure(c(0.5, 0.5, 0.5, 0.5, 0.5, 0, 1, 0, 0, 0, 0, 0, 1, 0, 0, 0, 0, 0, 1,
0, 0, 0, 0, 0, 1),
.Dim = c(5, 5))
x1_sim <- 
structure(c(-2, -2, -2, -2, -2, -1.99403974375453, -1.98741337178381,
-1.9925165496692, -1.99623806692157, -1.97897604429734, -1.98385278396281,
-1.98331303097857, -1.98606692739504, -1.99344721267642, -1.97497801115898,
-1.968133789286, -1.97572608917954, -1.97868325275484, -1.99774725154828,
-1.97685735839469, -1.95336295566396, -1.96208907203778, -1.9834549295313,
-1.9834086768158, -1.97989030820769, -1.93651123075048, -1.94586426300018,
-1.98496988180696, -1.97966862181712, -1.98219177703006, -1.93043583569192,
-1.93181784384918, -1.99354195434349, -1.96875042500874, -1.97317010043836,
-1.91118226217371, -1.93366887629905, -1.99947453806666, -1.96093472926936,
-1.97235552378611, -1.90175623911432, -1.92876741788647, -1.99354247919398,
-1.95121244154648, -1.9806049911556, -1.87872884707682, -1.92236202557153,
-1.99595092315921, -1.94798218857818, -1.97301979133698, -1.86858090353399,
-1.91339498479159, -2.00277456095155, -1.94854028876881, -1.96949489242573,
-1.84619566563349, -1.91191708063708, -1.99356310373481, -1.94964821856208,
-1.96330687538118, -1.82876579190271, -1.89605871852197, -1.99118996237422,
-1.94895673058869, -1.95957107730381, -1.81773441438948, -1.88475956472264,
-2.00068474558549, -1.94283691951353, -1.9640548478769, -1.79791481683569,
-1.87631350043711, -2.01025715684935, -1.93767827133242, -1.96685747699109,
-1.77387106843873, -1.8617736828343, -2.02039796157164, -1.93524430625173,
-1.97878313977415, -1.76124575314311, -1.84424375828109, -2.02170809647582,
-1.93170042122303, -1.97189798046455, -1.74442097864357, -1.82998132981941,
-2.01835482289759, -1.92137807750621, -1.9794575002194, -1.73047203819049,
-1.8208559452559, -2.0197789765856, -1.91366791004725, -1.97562361808408,
-1.71624318258521, -1.80864389401438, -2.01537539816359, -1.91230772883792,
-1.97123129814816, -1.70410177783382, -1.80120269522119, -2.01288493110068,
-1.90824621769968, -1.96463180817124, -1.68632352615691, -1.78738224765348,
-2.01724377231801, -1.90384490776328, -1.96225080804347, -1.66863018454327,
-1.76838854830088, -2.02872679690794, -1.90912308601253, -1.96009739400109,
-1.64304627684262, -1.76679616081895, -2.02806011569238, -1.90476243766291,
-1.96602465477316, -1.6266702539221, -1.76186424657854, -2.03589250756596,
-1.90447426644181, -1.96994471834542, -1.607787738026, -1.75619998687598,
-2.0363544432097, -1.90272209687226, -1.96889406742338, -1.58871230580994,
-1.7462058116146, -2.03245700373773, -1.89548680083956, -1.96580788621256,
-1.57629686547954, -1.72888274238466, -2.03472443816961, -1.8882695768184,
-1.96411523961486, -1.55829429349462, -1.72043423960732, -2.0441187595423,
-1.90060744035348, -1.95644409563399, -1.53425379284595, -1.70814250908259,
-2.03551182077643, -1.90179618639272, -1.95496417996583, -1.51926514787601,
-1.70197617983383, -2.05079926539308, -1.89279629263179, -1.95966499182319,
-1.49633720334771, -1.69416021318578, -2.04247649512153, -1.89385889026084,
-1.95310836013324, -1.46908273688359, -1.68065498159871, -2.04785299015712,
-1.89251734968721, -1.95108804716888, -1.45075109343168, -1.67083739079341,
-2.04290385024371, -1.88728179181387, -1.95107619868961, -1.42215363234463,
-1.6516374415809, -2.04903385528566, -1.88471630138354, -1.95785195854721,
-1.39209728063566, -1.64442910438032, -2.04909058639941, -1.87891629244003,
-1.962283087462, -1.37077323003591, -1.63399021985096, -2.06141076795181,
-1.86668224395955, -1.95915065241424, -1.34193735564313, -1.62578457949971,
-2.06691748196035, -1.87698306406832, -1.96211203875447, -1.31936677204928,
-1.61159529520304, -2.05937529322507, -1.87043838639527, -1.95520474075336,
-1.29331814247636, -1.59533008590438, -2.05492802217205, -1.85741433977066,
-1.94634286288353, -1.25487063437855, -1.59072493977026, -2.04777607266,
-1.85572767108675, -1.94536688278489, -1.22286400233023, -1.57252057521507,
-2.05487606342767, -1.85839486332603, -1.95081894185495, -1.19198916318073,
-1.56001906266255, -2.05355736808465, -1.85095589660179, -1.95971870989547,
-1.15022946231164, -1.55439278811314, -2.05989416705082, -1.84965015951814,
-1.95986634710487, -1.10501155055625, -1.54405326779439, -2.04937877960135,
-1.85511472063764, -1.95630803781389, -1.05398017267367, -1.53714034325334,
-2.05628515704115, -1.86574751483709, -1.94934430089645, -1.00231784983593,
-1.52551732696445, -2.06415659118474, -1.85060513300913, -1.94777238790399,
-0.938578832023294, -1.51774125331582, -2.0644365699107, -1.85012925615199,
-1.93855015200404, -0.877739058616958, -1.50637857784627, -2.058721969779,
-1.84827105405562, -1.94167662113922, -0.794644455263285, -1.4927480418284,
-2.06226524472456, -1.84733928512343, -1.93753233202808, -0.71391472160948,
-1.48586719677511, -2.06590397787175, -1.84380440528923, -1.94815991959842,
-0.617418959887451, -1.46041788885518, -2.06203564870717, -1.84161916794826,
-1.93684473011186, -0.518989714106612, -1.449936597915, -2.05696025539868,
-1.84148193749396, -1.9362656757264, -0.403432970451883, -1.43944813756038,
-2.06269334493387, -1.83351641632892, -1.93327437505143, -0.278599400529108,
-1.4211148083033, -2.0558041637276, -1.83662133550344, -1.93504520733822,
-0.134241567860737, -1.39720924080102, -2.06390573748876, -1.83486212249354,
-1.93514934288216, 0.00548876041387777, -1.37457041560338, -2.06338131580614,
-1.81959951652772, -1.92058717899611, 0.146590593416578, -1.36213901209741,
-2.05984467373659, -1.82581805095164, -1.91389653888992, 0.277178237385073,
-1.34672899177715, -2.05970443046334, -1.82303018677497, -1.91047597985812,
0.396375619324339, -1.32592652852448, -2.06510434458488, -1.81143787961823,
-1.91439785568592, 0.488901677041603, -1.3116167340037, -2.06409894277085,
-1.80443408820781, -1.91170090334542, 0.555353505284923, -1.29917505491897,
-2.06688652361548, -1.80155606103595, -1.91512212182237, 0.591737293841716,
-1.28002297331869, -2.05887508157869, -1.79791943354431, -1.91893021493165,
0.612758467819773, -1.24423388377056, -2.05745932718872, -1.78516993357794,
-1.91195830718216, 0.627975097376471, -1.22376366348621, -2.05330279684979,
-1.77883008141393, -1.91419688710899, 0.621649464335836, -1.19975349750887,
-2.05184324287875, -1.78071037072933, -1.92462070259652, 0.622232867849397,
-1.16628312917567, -2.05624838592275, -1.77676690784046, -1.91374676811595,
0.608524308093958, -1.14307518785994, -2.05210448240849, -1.77283850965716,
-1.9119487952269, 0.598250695507491, -1.10936333315802, -2.04051823511376,
-1.76723858187591, -1.90824739986332, 0.583672002157802, -1.07965680794519,
-2.04784130746299, -1.76665032593161, -1.90485771071916, 0.568957085002738,
-1.04180408399475, -2.05159786951667, -1.76372948416789, -1.90751095347991,
0.557342708253767, -1.00231801681364, -2.05142260860024, -1.75888561913674,
-1.90461892498539, 0.54007865313677, -0.973163852019396, -2.0500314765765,
-1.75709292303152, -1.89527552004843, 0.530839987975319, -0.935764328358603,
-2.0602362002638, -1.75183287950181, -1.88583901878376, 0.515781869458581,
-0.875080783601689, -2.06041123123127, -1.74232897739397, -1.89543308547526,
0.497854681679672, -0.822575710563798, -2.05222909272895, -1.7476932626009,
-1.89029260445749, 0.477890432078712, -0.762683308018532, -2.03822442214199,
-1.74394918803517, -1.88305679175718, 0.453828626314496, -0.700258024646883,
-2.04135852025086, -1.72553721409275, -1.88153238303632, 0.439456407227597,
-0.630200693183677, -2.04346111935874, -1.72606220308626, -1.87753400689042,
0.416969874001162, -0.544332453933972, -2.03297968960086, -1.72372914536666,
-1.88329775280202, 0.396421045582456, -0.45347101495127, -2.03252582543466,
-1.71816886676597, -1.88151195627155, 0.3793787106586, -0.356661257912729,
-2.03141165011676, -1.71623299500633, -1.88434262629469, 0.363698529443522,
-0.251612160835898, -2.03072717359502, -1.71164428705789, -1.87965261843116,
