N_teams <- 2
N_games <- 4
prior_score <- c(3.5468357100227781, 5.6412109834971975)
team_1 <- c(2, 3, 2, 4)
team_2 <- c(2, 6, 5, 2)
score_1 <- c(6.5917108716024551, 5.959207928552023, 6.6603721061434964, 2.6106403377361884)
score_2 <- c(4.30662396064325, 3.8000327807308327, 5.8437941142022005, 3.9825047347097531)
df <- 2.9510887561712669
b <- 4.8383003434047955
