C <-
c(29L, 36L, 19L, 28L, 36L, 29L, 20L, 19L, 35L, 32L, 34L, 34L, 
33L, 47L, 48L, 46L, 46L, 49L, 60L, 64L, 87L, 85L, 85L, 95L, 115L, 
127L, 142L, 168L, 181L, 194L, 200L, 210L, 208L, 235L, 244L, 272L, 
239L, 263L, 239L, 245L)
n <-
40L
year <-
c(-1.66802789939819, -1.58248800712136, -1.49694811484453, -1.4114082225677, 
-1.32586833029087, -1.24032843801404, -1.15478854573721, -1.06924865346038, 
-0.983708761183547, -0.898168868906717, -0.812628976629887, -0.727089084353056, 
-0.641549192076226, -0.556009299799396, -0.470469407522566, -0.384929515245736, 
-0.299389622968906, -0.213849730692075, -0.128309838415245, -0.0427699461384151, 
0.0427699461384151, 0.128309838415245, 0.213849730692075, 0.299389622968906, 
0.384929515245736, 0.470469407522566, 0.556009299799396, 0.641549192076226, 
0.727089084353056, 0.812628976629887, 0.898168868906717, 0.983708761183547, 
1.06924865346038, 1.15478854573721, 1.24032843801404, 1.32586833029087, 
1.4114082225677, 1.49694811484453, 1.58248800712136, 1.66802789939819
)
