C <-
c(27L, 42L, 35L, 55L, 61L, 19L, 41L, 74L, 43L, 42L, 73L, 37L, 
48L, 49L, 19L, 72L, 30L, 18L, 31L, 71L, 63L, 51L, 48L, 73L, 49L, 
54L, 43L, 59L, 30L, 24L, 62L, 55L, 51L, 47L, 14L, 27L, 45L, 20L, 
26L, 19L)
N <-
c(43, 83, 53, 91, 95, 24, 62, 91, 64, 57, 97, 56, 74, 66, 28, 
92, 40, 23, 46, 96, 91, 75, 71, 100, 72, 77, 64, 68, 43, 32, 
97, 92, 75, 84, 22, 58, 81, 37, 45, 39)
nyears <-
40L
year <-
c(-0.95, -0.9, -0.85, -0.8, -0.75, -0.7, -0.65, -0.6, -0.55, 
-0.5, -0.45, -0.4, -0.35, -0.3, -0.25, -0.2, -0.15, -0.1, -0.05, 
0, 0.05, 0.1, 0.15, 0.2, 0.25, 0.3, 0.35, 0.4, 0.45, 0.5, 0.55, 
0.6, 0.65, 0.7, 0.75, 0.8, 0.85, 0.9, 0.95, 1)
