k <- 5
n <- 10
