k1 <- 0
k2 <- 10
n1 <- 10
n2 <- 10
