k1 <- 5
k2 <- 7
n1 <- 10
n2 <- 10
