k <- 1
n <- 15
