k <- 24
n <- 121
