k <- 
c(16, 18, 22, 25, 27)
m <- 5
nmax <- 500
