y <-
c(27.2047394169647, 20.6789814177697, 31.6145565830312, 35.2541632091888, 
30.5144134729713, 42.5746247045944, 48.5802714795439, 49.329235885479, 
46.6035212309076, 43.2415200585357, 41.2970644379723, 47.9679312378511, 
50.54735236425, 51.4791860399788, 52.2330107480686, 48.7583436632644, 
61.1138294311883, 69.0967958561373, 46.2922152561415, 67.8430027103638, 
60.820556726831, 43.1351588508428, 45.8347256161867, 39.5902618352486, 
41.7027428613237)
T <-
25
