CLHat <- 10.7292299866648
etaStd <- 
structure(c(0, 0, 0, 0, 0, 0, 0, 0, 0, 0, 0, 0, 0, 0, 0, 0, 0, 0, 0, 0, 0, 0, 0, 0, 0, 0, 0, 0, 0, 0, 0,
0, 0, 0, 0, 0, 0, 0, 0, 0, 0, 0, 0, 0, 0, 0, 0, 0, 0, 0),
.Dim = c(5, 10))
kaHat <- 1.1851083051505
L <- 
structure(c(1, 0, 0, 0, 0, 0, 1, 0, 0, 0, 0, 0, 1, 0, 0, 0, 0, 0, 1, 0, 0, 0, 0, 0, 1),
.Dim = c(5, 5))
logtheta <- 
structure(c(2.19395798675957, 2.19395798675957, 2.19395798675957, 2.19395798675957, 2.19395798675957,
2.19395798675957, 2.19395798675957, 2.19395798675957, 2.19395798675957, 2.19395798675957,
2.84564787789427, 2.84564787789427, 2.84564787789427, 2.84564787789427, 2.84564787789427,
2.84564787789427, 2.84564787789427, 2.84564787789427, 2.84564787789427, 2.84564787789427,
4.00667866577672, 4.00667866577672, 4.00667866577672, 4.00667866577672, 4.00667866577672,
4.00667866577672, 4.00667866577672, 4.00667866577672, 4.00667866577672, 4.00667866577672,
4.28207669673045, 4.28207669673045, 4.28207669673045, 4.28207669673045, 4.28207669673045,
4.28207669673045, 4.28207669673045, 4.28207669673045, 4.28207669673045, 4.28207669673045,
0.0914792314348191, 0.0914792314348191, 0.0914792314348191, 0.0914792314348191, 0.0914792314348191,
0.0914792314348191, 0.0914792314348191, 0.0914792314348191, 0.0914792314348191, 0.0914792314348191),
.Dim = c(10, 5))
omega <- 
c(1.78290455842953, 1.10409405446881, 1.55220255485227, 1.27118410668482, 0.74149073654089)
QHat <- 29.3320637258804
sigma <- 0.944122426416135
V1Hat <- 91.6700934421215
V2Hat <- 50.1714885418066
