addl <- 
c(0, 0, 0, 0, 0, 0, 0, 0, 0, 0, 0, 0, 0, 0, 0, 0, 0, 0)
amt <- 
c(5000, 0, 0, 0, 0, 0, 0, 0, 0, 0, 0, 0, 0, 0, 0, 0, 0, 0)
cmt <- 
c(1, 2, 2, 2, 2, 2, 2, 2, 2, 2, 2, 2, 2, 2, 2, 2, 2, 2)
cObs <- 
c(60.1245166462263, 97.145970581964, 118.081228928413, 116.623198068911,
128.521799370099, 121.627050060135, 120.021007586438, 102.914531628183,
48.9684106605559, 28.4100412562928, 23.1582975204187, 20.4372928902089,
18.8460023186024, 16.6907317929646, 14.8545654844269, 14.422409982547,
12.3164532606313)
evid <- 
c(1, 0, 0, 0, 0, 0, 0, 0, 0, 0, 0, 0, 0, 0, 0, 0, 0, 0)
ii <- 
c(0, 0, 0, 0, 0, 0, 0, 0, 0, 0, 0, 0, 0, 0, 0, 0, 0, 0)
iObs <- 
c(2, 3, 4, 5, 6, 7, 8, 9, 10, 11, 12, 13, 14, 15, 16, 17, 18)
nObs <- 17
nt <- 18
rate <- 
c(0, 0, 0, 0, 0, 0, 0, 0, 0, 0, 0, 0, 0, 0, 0, 0, 0, 0)
ss <- 
c(0, 0, 0, 0, 0, 0, 0, 0, 0, 0, 0, 0, 0, 0, 0, 0, 0, 0)
time <- 
c(0, 0.25, 0.5, 0.75, 1, 1.25, 1.5, 1.75, 2, 4, 6, 8, 10, 12, 14, 16, 18,
20)
