K <- 1
N <- 3
z <- c(1, 1, 1)
y <- c(0, 0, 1)
