N <- 2
K <- c(3, 2)
y <- c(4, 1)
