N <- 18
K <- 
c(45, 45, 45, 45, 45, 45, 45, 45, 45, 45, 45, 45, 45, 45, 45, 45, 45, 45)
y <- 
c(18, 17, 16, 15, 14, 14, 13, 12, 11, 11, 10, 10, 10, 10, 10, 9, 8, 7)
K_new <- 
c(367, 426, 521, 275, 418, 466, 586, 138, 510, 200, 538, 186, 435, 277, 591, 558,
408, 70)
y_new <- 
c(127, 127, 144, 61, 114, 126, 155, 29, 137, 46, 142, 42, 132, 73, 195, 159, 129, 14)
