T <-
1000
y <-
c(-1.42740452458771, -2.22613070351582, -0.975665133136194, -0.446987611157324, 
0.418418748103551, -1.19652385989202, -0.088537847568178, -1.25814132761017, 
-1.45982395547074, -1.9232281152477, -1.3581538984858, -1.15313737193059, 
-1.68232513933091, -1.88784127888195, -0.599262648371764, 0.271683845576547, 
-1.02263153595985, -1.27261086118569, 0.116068080035708, -0.0828707897437816, 
-0.542601023163739, -0.498869426640533, -0.347922582566332, -0.568584049614465, 
-0.503128521228818, -0.765202458315744, -2.35996343991451, -1.2448069337188, 
-0.376772162207636, -0.194739550939837, -0.050042034437247, -0.188390104116465, 
-1.1623797728929, -1.41992826015892, -1.27793151572476, -1.97264175783694, 
-1.341894934847, -1.0488587782883, -0.37047723653119, -0.314319797253694, 
-0.976174006158515, -1.46364109801911, -1.8187548042233, -0.819656542588684, 
-1.35548692819421, -0.909813336345524, -2.44401475404852, -2.59139488635238, 
-2.29407830355105, -1.39688425541718, -0.536886866601209, 0.0332356282742817, 
0.630369800248152, -0.919660701587737, -0.999661215631337, -0.5612493636008, 
-0.642649884385533, -0.534250680577549, -0.431636116902894, -1.58108931348526, 
-1.63353555996126, -0.844486403351418, -0.478543115747396, -0.27529948165325, 
-1.48265730735895, -2.05856778130585, -2.88141020044636, -1.48186938325613, 
-2.13155562606808, -1.62232885677921, -2.31684433475227, -1.53460127094981, 
-0.469348158790027, 0.0954455538559482, -0.783731600918684, -1.58317426587884, 
-2.74640718301213, -1.7493444135617, -1.87541291896714, -3.63887840618215, 
-2.90497839604512, -0.98184832593167, -0.266734823987894, -1.5318990101354, 
-1.64002054028713, -1.39778898802298, -1.12481377847007, -0.915600904364125, 
0.403511795275989, 0.297184846199506, 0.19846518098621, -0.573792173113543, 
-2.57602891557291, -2.23094061695432, -1.80538011981578, -0.769531992472155, 
-0.559385284526331, -0.48193476939169, -0.857260862518912, -2.01391482763203, 
-0.705613491038828, -1.37777895079651, -3.34919485521479, -2.92061694416424, 
-1.70812315208783, -1.01787300589717, -0.460810437546636, -0.402320776694749, 
-0.812738628822674, -0.0295399979479958, 0.0503463702326375, 
-1.42754305716746, -1.27692783971542, -0.731135302619638, -0.462347571885615, 
-0.788127774594531, -0.120222449330539, -0.397098574841318, -0.950266416453505, 
-0.238117444045405, -0.0030882402153064, -1.73158420750383, -1.72076188855096, 
-1.84437232188527, -1.69482856421384, -1.71715810466949, -1.34582212282984, 
-1.56854021629714, -1.55411714737734, -2.37021389824388, -0.148481654648295, 
0.0822684841286589, 0.412081144438306, -1.07914511710091, -1.25094484066559, 
-2.24292295476535, -3.7633876109709, -1.74555915516573, -1.34279150170571, 
-1.00932147777189, -1.02226334618555, -1.12817379755798, -0.618225596900971, 
-0.966242568670413, -2.06992621458997, -2.98576966476638, -1.47434098064603, 
-0.225732857376443, -0.604891888508324, -0.551251384036092, -0.985041006911532, 
-2.87747498064233, -3.20214231255395, -2.31874504848945, -0.952570059814623, 
-1.09552015030542, -0.0110245204723693, 0.460371692004352, 0.209570160254571, 
-0.771320288178325, -1.85853454033786, -1.87870193257697, -1.60949913674349, 
-1.23748902751115, -1.54252707160333, -1.42768007417307, -1.33241940697825, 
-0.778555148799015, -0.953324163825695, -1.00337908338054, -1.54254680019365, 
-1.12589447934636, -0.0690109904443024, 0.296627181074654, -0.625942385039827, 
-2.76110997230454, -2.72067526654919, -2.65120538944346, -2.75442612017057, 
-1.64165696908384, -1.61953238636457, -3.03685711963201, -1.67881817878963, 
0.152948569650533, -0.173030567834833, -1.0105836932666, -1.17192909111834, 
-1.59003250327125, -1.22013431715818, -0.551469941788912, -1.19983581850284, 
-1.18846227954151, -1.56914655442298, -1.74981189461831, -3.00815964057102, 
-2.04803169535804, -1.56149446624989, -0.315932130248463, -0.0201616962620477, 
-1.74582173695204, -2.21265592184801, -1.92131701796309, -1.72610936525133, 
-0.565260252979402, -0.765986116424681, -1.22541919109587, -0.995405995824277, 
0.52538359158765, -0.267124882342424, -0.492244319005734, -2.03659090860614, 
-1.58355385404747, -0.968770066107441, -1.07063007022914, -1.8681235401132, 
-0.474018564643843, -0.960782598686076, -1.12120350797481, -0.543112708873812, 
-0.640564368344988, -0.620490762778312, -1.22722226510065, -1.02318811520605, 
-1.313900045166, -0.997940034790415, -0.516609652218372, -1.25217923547394, 
-2.37327459238039, -1.04963194063263, -1.57523779372387, -1.86624298706783, 
-0.524732333225173, -1.09217975656115, -0.486477903822331, -0.772575546733705, 
-1.34200731675002, -2.17779178350423, -2.7192773123911, -2.30611502230859, 
-1.87114170893705, -2.05399992573759, -2.74099789667311, -2.10497602022677, 
-2.95760453208355, -3.30818116417808, -2.21916559729219, -1.23308240091284, 
-0.644094447870536, -1.93837823944675, -1.57359860123673, -2.17867945802016, 
-1.70169677014402, -1.58834345693852, -2.36381763761871, -2.61668592162213, 
-2.42443673057381, -0.283874052498897, 0.0125691887330529, 0.754433018709244, 
0.972780604070866, 0.470510231177218, -1.10844990406531, -1.29003795859014, 
-1.36787016128501, -0.454515938219518, 0.442876356827788, 0.127806959597103, 
-0.202413604886993, 0.089809558511086, -0.0807620895293766, 0.0824895155024553, 
-0.445450703571084, -2.23778285973921, -3.35098132465715, -3.74644454978657, 
-2.81121756799142, -3.19232541384213, -1.35975158965985, -0.737451760779177, 
-0.705746644542234, -1.31441107630054, -1.1427637398218, -0.97528546031258, 
0.600775207022451, 0.352682645434698, 0.152802963449835, 0.256375249810643, 
-0.722307065066881, -1.43572465015812, -0.5197638792299, -0.602241883700858, 
-0.184831816644779, 0.0959417262325759, 0.0477992033684839, -0.548278195474329, 
-0.635583100302942, -0.437413643604802, 0.0302396179103928, -1.25013204872881, 
-0.785794353851845, 0.898531160706061, 2.23625581351085, 0.822348673715962, 
0.721905661228317, -0.909532671456525, -1.09677425811963, -1.30993310421385, 
-0.83043962939848, -2.43941993747593, -1.92624852097229, -2.12412471214436, 
-2.33986925072472, -2.63174441124043, -1.31076179069044, -1.04934881648469, 
-1.98858122342422, -1.3332188669592, -1.19447191098532, -0.387628796113787, 
-0.571030092349031, 0.573898737457664, -0.12205391904131, -0.926983818744335, 
-2.0292939379488, -1.40546590161131, -1.13988900088041, -1.78495965312855, 
-2.1543923245862, -1.63213505955983, -1.57833986872719, -2.16073580101416, 
-2.13885634213585, -3.29817121247364, -2.94874796849842, -3.3117364970302, 
-1.62826340845568, -0.979525829712777, -0.661540705105488, -0.852029510136728, 
-1.67097457042508, -1.8605121455247, -0.723272203800676, -0.459961756217959, 
-1.03904604552588, -1.42780335566315, -1.49349165223902, -2.18874412691056, 
-2.06993153467857, -1.76401892232108, -0.759958668589678, 0.0939976969840249, 
-0.805544162882352, -0.242271512864385, -0.976119335460637, -0.892112581719718, 
-1.13119141340187, -0.967500832075292, -2.00296184991579, -2.26234322103121, 
-2.87617690390085, -2.14334200600412, -0.76596714909816, -2.13048337076505, 
-0.365734335522082, -0.745268431549287, -0.747337649651347, -3.39046782874573, 
-1.58420173278861, -0.55644659341636, 0.399772334536657, -0.613778168539468, 
-1.45456843528838, -2.51639572850993, -3.19461043624632, -1.790332259133, 
-2.66648807050731, -2.81682677598682, -0.772947281762808, -0.549220037786772, 
0.177003525231507, -1.11595765534959, -2.35592560871045, -3.54142202749372, 
-3.13797602384243, -3.10945554763861, -2.3216782688585, -2.14274343798981, 
-2.85783641124455, -2.22086520639192, -0.562546864413168, -0.875161539247433, 
-1.50098962511614, -1.45975411953862, -0.138164303058487, -1.43509688434053, 
-1.12609572938458, -1.53735659359769, -1.49353891053068, -0.759139751327653, 
-0.150196181311668, -1.29146764805925, -1.81061065871779, -2.03181154485691, 
-1.5782590907432, -1.59586721822773, -0.636356678817567, -0.870127911204916, 
