N <- 2
x <- c(3.70819294299116, 4.98911472926553)
y <- c(6.3344079550739476, 5.93334017268872)
