k <- 0.0370383855031032
p0 <- 
c(-0.265409729119215, 0.995573007641702)
q0 <- 
c(1.04456730637102, 0.221941902167825)
star <- 
c(-0.0377712773150063, -0.0703029465489535)
